0	[48, 49, 50, 51, 110, 111]
1	[54, 55, 56, 57, 81, 82, 83, 84, 85, 86]
2	[1, 2, 73, 74, 104, 105, 106, 107, 130, 131, 132, 133, 134, 135, 136, 272, 273, 274, 275]
3	[19, 20, 27, 28, 405, 406]
4	[13, 14, 46, 47, 454, 455, 456, 488, 489, 490, 491, 577, 578, 627, 628, 629, 630]
5	[35, 36, 56, 57, 60, 61, 62, 63, 99, 100, 101, 129, 130, 131, 132, 133, 134]
6	[]
7	[4, 5, 17, 18, 81, 82]
8	[38, 39, 69, 70]
9	[37, 38]
10	[]
11	[1, 2, 3]
12	[7, 8, 51, 52]
13	[62, 63, 81, 82, 201, 202, 203, 204, 205, 206, 207, 208, 209, 210, 255, 256, 257, 258, 259]
14	[]
15	[13, 14, 15, 16, 17, 42, 43, 122, 123, 124, 134, 135, 136, 137, 138, 139]
16	[]
17	[31, 32, 42, 43, 44]
18	[3, 4]
19	[29, 30, 133, 134, 135, 136, 137, 275, 276]
20	[28, 29]
21	[0, 1, 2, 3, 4, 35, 36, 48, 49, 50, 51, 116, 117]
22	[8, 9, 13, 14, 135, 136]
23	[23, 24]
24	[227, 228, 229, 238, 239, 240, 241, 242, 338, 339]
25	[13, 14, 15, 16, 17, 18, 19, 20, 21, 35, 36, 46, 47, 48, 49]
26	[17, 18, 86, 87, 88, 89]
27	[61, 62]
28	[5, 6, 7, 8, 9, 10, 13, 14, 15, 16, 17]
29	[2, 3, 51, 52, 53, 131, 132]
30	[143, 144, 168, 169, 170, 171, 216, 217, 298, 299]
31	[57, 58, 59, 60, 61, 62, 63, 64, 65, 66, 67, 68, 73, 74]
32	[21, 22, 23, 24]
33	[8, 9, 10, 11, 12]
34	[45, 46, 47, 61, 62, 63, 64, 136, 137]
35	[8, 9, 36, 37]
36	[12, 13, 14, 15, 16]
37	[57, 58]
38	[24, 25, 26, 32, 33, 34, 35, 36, 37]
39	[46, 47, 48, 49, 50]
40	[37, 38, 40, 41, 42, 43, 107, 108, 161, 162]
41	[150, 151, 174, 175, 185, 186, 192, 193, 194, 195, 196, 197]
42	[]
43	[]
44	[]
45	[44, 45, 72, 73, 89, 90]
46	[1, 2, 41, 42, 43, 44, 45]
47	[1, 2, 7, 8, 79, 80, 85, 86]
48	[]
49	[20, 21, 45, 46, 47, 48, 169, 170, 231, 232, 233, 234, 421, 422, 487, 488, 489, 648, 649, 650, 651]
50	[]
51	[]
52	[4, 5, 11, 12, 46, 47, 48]
53	[12, 13, 14, 15, 35, 36, 37, 38, 39]
54	[2, 3, 4, 44, 45, 46, 47, 48]
55	[42, 43, 44, 45]
56	[2, 3, 36, 37, 144, 145, 220, 221, 383, 384, 590, 591, 592, 593, 594, 595, 596, 597, 651, 652, 653, 654, 674, 675, 676, 677, 678, 679, 680, 681]
57	[3, 4, 5, 61, 62, 68, 69]
58	[49, 50, 107, 108, 110, 111, 112, 113, 126, 127]
59	[21, 22, 23, 24, 25, 26]
60	[1, 2, 3, 8, 9, 29, 30, 31, 32, 33, 34, 35, 36, 37, 126, 127]
61	[42, 43, 55, 56, 57, 95, 96, 286, 287, 340, 341, 342, 360, 361, 362, 363, 364, 365, 366, 367, 368]
62	[21, 22, 54, 55, 56, 67, 68, 130, 131, 218, 219, 220, 238, 239, 240, 241]
63	[24, 25, 69, 70]
64	[]
65	[]
66	[11, 12]
67	[67, 68, 75, 76, 77, 78, 79, 80, 81]
68	[21, 22, 23, 24, 25, 90, 91]
69	[39, 40, 41, 42]
70	[38, 39, 45, 46, 72, 73, 153, 154, 163, 164, 165, 175, 176]
71	[36, 37, 53, 54, 178, 179, 180, 181, 420, 421, 422, 423, 558, 559, 582, 583, 690, 691, 692, 693, 764, 765, 766, 767, 768, 769, 774, 775]
72	[40, 41, 42, 48, 49, 55, 56, 57, 58, 59, 60]
73	[5, 6]
74	[7, 8, 9, 10, 11, 12, 33, 34]
75	[240, 241, 242, 243, 244, 245, 276, 277, 278, 279, 280]
76	[16, 17, 30, 31, 32]
77	[97, 98, 99, 146, 147]
78	[14, 15, 16, 17, 18, 19, 70, 71, 72, 73, 102, 103, 104, 105, 106, 107]
79	[175, 176, 177, 178, 179, 180, 181, 218, 219, 220, 221, 222, 223, 224, 225]
80	[]
81	[1, 2, 3, 25, 26]
82	[5, 6, 7, 8, 9, 10, 29, 30, 192, 193, 194, 195, 196, 197, 198, 199, 276, 277, 278, 282, 283, 284, 285, 357, 358, 412, 413]
83	[28, 29, 30, 31, 32, 33]
84	[6, 7, 81, 82, 98, 99]
85	[24, 25, 26, 49, 50, 61, 62, 134, 135, 136, 137, 138, 139, 140, 141, 142]
86	[11, 12, 44, 45, 46, 47, 48, 49, 50, 51, 52, 53, 54, 104, 105, 106, 229, 230, 265, 266]
87	[0, 1, 2, 3, 4, 5, 6, 11, 12]
88	[1, 2, 3, 49, 50]
89	[28, 29, 30, 31, 32, 33, 42, 43, 70, 71, 81, 82]
90	[11, 12, 13, 14, 15, 122, 123]
91	[7, 8, 20, 21, 22, 23, 24, 25, 70, 71]
92	[31, 32, 34, 35, 36, 37, 38, 39, 112, 113]
93	[104, 105, 106, 107, 108, 109]
94	[57, 58, 125, 126, 127, 128, 142, 143, 144, 145, 154, 155, 316, 317, 318, 319, 320]
95	[]
96	[40, 41, 156, 157, 158, 159, 279, 280, 281, 282, 283, 284, 285, 286, 336, 337, 338, 339, 340, 341]
97	[45, 46, 47, 48, 49, 50]
98	[15, 16, 17, 18, 19, 103, 104, 105, 106, 107, 108]
99	[]
100	[0, 1, 2, 3, 4, 5]
101	[16, 17, 18, 19]
102	[0, 1, 2, 3, 4, 5, 136, 137]
103	[1, 2, 3, 90, 91, 112, 113]
104	[30, 31, 48, 49, 59, 60]
105	[0, 1, 2, 3, 4, 5, 6]
106	[58, 59, 60, 107, 108, 109, 110, 111, 116, 117, 118, 135, 136]
107	[22, 23, 38, 39, 67, 68, 69, 70, 195, 196, 197, 198, 199, 200, 201, 202, 203, 204, 205, 277, 278, 368, 369, 372, 373, 374, 375]
108	[46, 47]
109	[50, 51, 53, 54, 55, 56, 57, 58]
110	[]
111	[1, 2, 18, 19, 20, 21, 75, 76, 77]
112	[0, 1, 2, 3, 4, 5, 36, 37]
113	[24, 25, 67, 68, 103, 104]
114	[0, 1, 2, 3]
115	[]
116	[1, 2, 66, 67, 68, 69, 91, 92, 93, 94, 95, 96, 97, 98, 99, 154, 155, 156, 157, 294, 295, 326, 327, 328, 329, 330, 331]
117	[15, 16]
118	[76, 77, 78, 79, 80, 81, 89, 90, 91, 140, 141]
119	[12, 13]
120	[6, 7, 14, 15, 62, 63, 79, 80, 81, 82]
121	[32, 33, 34, 35, 36, 37, 38, 39, 128, 129, 208, 209, 210, 211]
122	[14, 15, 16, 34, 35, 37, 38, 39, 40, 41, 42, 127, 128, 136, 137, 295, 296, 297, 298, 370, 371, 372, 373, 374, 375]
123	[74, 75, 149, 150, 193, 194, 219, 220, 221]
124	[50, 51, 114, 115, 116, 117, 118, 119]
125	[68, 69, 79, 80, 111, 112, 113, 114]
126	[14, 15]
127	[40, 41, 42, 43, 44, 45, 46, 47, 48, 49, 50, 51, 70, 71]
128	[33, 34, 35]
129	[23, 24]
130	[33, 34]
131	[2, 3, 5, 6, 7, 8, 9]
132	[15, 16, 17, 18, 19, 44, 45, 46, 47, 78, 79]
133	[12, 13, 108, 109, 110, 111, 112, 113, 137, 138]
134	[12, 13, 14, 15, 16, 17, 18, 19, 20]
135	[72, 73, 80, 81, 82, 89, 90, 108, 109]
136	[28, 29, 100, 101, 166, 167, 168, 169, 170, 171, 423, 424, 425, 431, 432, 433, 481, 482]
137	[20, 21, 22, 23, 24, 25, 26, 27, 28, 35, 36, 37, 38, 55, 56, 126, 127, 290, 291]
138	[60, 61, 103, 104, 115, 116, 117, 118, 119, 120, 151, 152, 153, 154, 155, 156, 157, 158]
139	[13, 14, 15, 20, 21, 22, 23, 24, 42, 43, 125, 126, 166, 167, 168, 169, 283, 284, 285, 286]
140	[10, 11, 12, 17, 18, 19, 20, 21, 89, 90]
141	[49, 50, 105, 106, 107, 108, 109, 110]
142	[2, 3, 48, 49, 50, 51, 52, 53, 78, 79]
143	[35, 36, 91, 92, 135, 136, 137, 147, 148, 149, 298, 299, 300, 301, 360, 361]
144	[34, 35, 36, 37, 38, 39, 40, 41, 42, 43, 44, 45, 84, 85, 102, 103]
145	[23, 24, 25, 26, 27, 94, 95]
146	[3, 4, 26, 27, 28, 29, 521, 522, 530, 531]
147	[23, 24, 45, 46, 47, 142, 143, 144, 145, 146, 147]
148	[6, 7, 8, 13, 14, 66, 67, 68, 69, 70, 71]
149	[57, 58, 131, 132]
150	[]
151	[0, 1, 2, 3, 4]
152	[13, 14, 15, 16, 27, 28, 29, 30, 39, 40]
153	[0, 1, 2, 3, 4, 5, 22, 23, 39, 40]
154	[57, 58, 115, 116, 132, 133, 134, 135, 187, 188, 208, 209, 210, 211, 212, 213]
155	[27, 28, 29, 30, 31]
156	[70, 71, 72, 73, 74, 75]
157	[21, 22, 23, 24, 30, 31, 35, 36, 37, 38, 52, 53]
158	[38, 39, 40, 41, 42, 43]
159	[2, 3, 4, 11, 12]
160	[21, 22, 23, 98, 99, 152, 153, 154, 155, 269, 270, 271, 272, 273, 274, 275, 276, 413, 414, 415, 416, 417, 564, 565, 602, 603]
161	[2, 3, 131, 132, 147, 148, 149, 429, 430]
162	[7, 8, 9, 10, 33, 34, 59, 60, 61, 66, 67, 68, 149, 150, 198, 199, 200, 201, 202, 203]
163	[16, 17, 18, 22, 23, 24, 25, 26, 27, 90, 91]
164	[38, 39, 40, 41, 42, 43, 44, 45, 46]
165	[]
166	[20, 21, 22, 23, 24, 25, 58, 59]
167	[13, 14, 59, 60, 312, 313]
168	[7, 8, 22, 23, 24, 25, 26, 27]
169	[7, 8]
170	[7, 8, 9, 10, 11, 12]
171	[]
172	[24, 25, 26, 27, 28, 29, 37, 38, 80, 81, 176, 177]
173	[62, 63, 118, 119, 130, 131, 132, 133, 189, 190, 203, 204, 205]
174	[103, 104, 156, 157, 186, 187, 188, 189, 190, 191, 192, 193, 194]
175	[1, 2, 19, 20, 21, 22, 23]
176	[35, 36, 45, 46, 47, 79, 80, 81, 82, 83, 84, 190, 191]
177	[8, 9, 10, 11, 12]
178	[39, 40, 41, 42, 43, 44]
179	[5, 6, 7, 8, 9, 10, 29, 30]
180	[42, 43, 59, 60, 61, 62, 63, 64, 65, 66, 67, 82, 83]
181	[15, 16, 24, 25, 26, 27, 28, 29]
182	[15, 16]
183	[14, 15, 16, 17]
184	[35, 36]
185	[8, 9, 10, 11, 12, 13, 74, 75, 223, 224, 268, 269, 290, 291, 307, 308, 309, 348, 349]
186	[2, 3, 38, 39, 223, 224, 225, 323, 324, 406, 407, 408]
187	[1, 2, 3, 6, 7, 8, 31, 32]
188	[197, 198, 244, 245, 246, 247]
189	[26, 27, 50, 51]
190	[6, 7, 8, 17, 18, 19, 20, 21, 106, 107]
191	[29, 30, 31, 32]
192	[26, 27, 28, 29, 52, 53]
193	[185, 186, 197, 198, 199, 200, 201, 202, 203, 204, 205, 217, 218, 219, 220, 221, 222, 223, 224, 225]
194	[14, 15, 44, 45, 166, 167, 168, 169, 295, 296, 407, 408, 409, 410, 411, 412, 413, 414, 415]
195	[54, 55, 56, 57, 159, 160, 197, 198, 216, 217]
196	[]
197	[10, 11]
198	[6, 7, 8, 9, 42, 43, 92, 93, 98, 99, 100, 101, 102, 103]
199	[54, 55, 56, 57, 58, 59, 88, 89, 115, 116, 276, 277, 278, 279, 280, 281]
200	[49, 50, 51, 52, 53, 78, 79]
201	[]
202	[29, 30, 52, 53, 85, 86, 104, 105, 106, 149, 150]
203	[28, 29]
204	[77, 78, 100, 101, 102, 103, 104, 105, 106, 107, 108]
205	[]
206	[83, 84, 85, 86, 87, 88, 89, 90, 91]
207	[]
208	[19, 20, 21, 22, 23, 24, 25, 26, 27, 28, 29, 55, 56, 57, 75, 76, 77, 78, 155, 156, 158, 159, 160, 161, 168, 169, 170, 171, 172, 173, 187, 188, 245, 246, 285, 286]
209	[215, 216, 303, 304, 305, 306, 316, 317, 341, 342, 386, 387, 388, 429, 430, 486, 487, 488]
210	[2, 3, 73, 74]
211	[14, 15, 30, 31, 32, 33]
212	[10, 11, 12, 13, 14, 15, 50, 51, 52, 60, 61, 89, 90, 387, 388]
213	[18, 19, 20, 21, 22, 23, 246, 247, 432, 433, 446, 447, 471, 472, 473, 474, 836, 837, 838, 839]
214	[55, 56, 116, 117]
215	[23, 24, 41, 42, 43, 44, 45, 46]
216	[3, 4, 5, 9, 10, 57, 58, 59, 60, 87, 88]
217	[3, 4, 87, 88, 89, 90, 91, 92]
218	[0, 1, 2, 3]
219	[26, 27, 89, 90, 106, 107, 352, 353, 354]
220	[65, 66, 90, 91, 93, 94, 95, 96, 117, 118, 536, 537, 538, 539, 540, 541]
221	[36, 37, 38, 39, 204, 205, 211, 212, 213]
222	[63, 64]
223	[0, 1, 2, 3, 4, 5, 8, 9, 10]
224	[13, 14, 15, 16, 17, 18, 19, 20, 21]
225	[43, 44, 114, 115]
226	[6, 7, 9, 10, 11, 39, 40, 41, 42, 182, 183, 217, 218, 219, 220, 221, 222, 238, 239, 354, 355, 356, 357, 437, 438, 439, 440]
227	[]
228	[9, 10, 11, 12, 13, 14, 31, 32, 44, 45, 46, 47, 108, 109]
229	[30, 31, 36, 37, 39, 40, 121, 122, 123, 124, 125]
230	[21, 22, 23, 24, 25, 26, 49, 50]
231	[54, 55, 56, 126, 127, 128, 178, 179, 180, 181]
232	[8, 9, 10, 11, 12, 91, 92]
233	[29, 30, 31, 48, 49, 50, 51, 52, 53, 279, 280, 330, 331]
234	[61, 62]
235	[37, 38, 39, 40, 41]
236	[9, 10, 44, 45, 46, 47]
237	[47, 48, 49, 50, 51, 131, 132, 145, 146, 147, 148, 185, 186]
238	[25, 26, 53, 54, 55, 56, 57, 58, 76, 77, 89, 90, 91, 92]
239	[51, 52, 53, 243, 244]
240	[2, 3]
241	[14, 15, 49, 50, 51, 52, 53, 54, 83, 84, 85, 86]
242	[20, 21, 22, 23, 24, 25]
243	[12, 13, 14, 15, 16, 17, 18, 19, 20]
244	[2, 3]
245	[4, 5, 6, 79, 80, 81, 82, 83, 84]
246	[31, 32, 33, 45, 46, 47, 48, 76, 77, 82, 83, 84, 85, 86, 87]
247	[43, 44, 66, 67, 161, 162, 163, 164]
248	[29, 30, 43, 44, 45, 46, 169, 170, 171, 172]
249	[1, 2, 3, 9, 10, 11, 12, 13, 14, 36, 37, 38, 44, 45, 46, 47, 83, 84, 85, 86, 87, 115, 116, 440, 441, 442, 443, 444, 445]
250	[47, 48, 49, 78, 79, 80, 140, 141, 158, 159, 160, 161]
251	[82, 83]
252	[25, 26, 27, 44, 45, 46, 47, 48, 65, 66, 154, 155, 156, 157, 158, 159, 160, 161, 162, 182, 183, 243, 244, 245, 246]
253	[0, 1, 2, 3, 4, 5, 11, 12, 79, 80]
254	[17, 18, 22, 23, 24, 25, 81, 82]
255	[5, 6, 20, 21, 22, 23, 47, 48, 133, 134, 320, 321]
256	[50, 51, 74, 75, 103, 104, 136, 137, 138, 141, 142, 267, 268, 269, 270, 327, 328]
257	[133, 134, 135, 140, 141, 142, 160, 161]
258	[14, 15, 16, 17, 58, 59]
259	[5, 6, 7, 8, 9, 10, 11, 12, 13]
260	[22, 23, 106, 107, 114, 115, 183, 184, 185, 218, 219, 220, 221, 222, 223, 233, 234, 235, 236, 237, 238]
261	[44, 45]
262	[17, 18, 53, 54, 78, 79, 107, 108, 277, 278, 279, 280, 334, 335, 336, 337, 351, 352, 353, 354, 395, 396, 397, 398, 399, 400]
263	[101, 102, 124, 125, 126, 144, 145, 146, 147, 148]
264	[5, 6, 7, 18, 19, 20, 21, 22, 23, 25, 26, 93, 94, 104, 105, 106, 107, 108, 109, 110, 111, 112, 142, 143, 144, 145]
265	[21, 22, 30, 31, 99, 100, 130, 131]
266	[15, 16, 17, 18, 19]
267	[1, 2, 3, 54, 55, 56, 72, 73, 74, 75, 76, 119, 120, 121, 122, 123]
268	[27, 28, 29, 30, 31, 59, 60]
269	[116, 117]
270	[51, 52, 53, 54, 55, 56, 59, 60, 61]
271	[27, 28, 209, 210, 631, 632, 633, 634, 635, 636, 709, 710, 711, 712, 796, 797, 798, 799, 800, 801, 802, 803, 804, 805, 806, 807]
272	[2, 3, 55, 56, 57, 58, 59, 60, 174, 175, 260, 261, 306, 307, 308, 309]
273	[60, 61, 87, 88]
274	[24, 25, 26, 77, 78, 79, 80, 81, 82, 103, 104, 105, 106, 117, 118, 178, 179, 196, 197, 275, 276, 378, 379, 380, 381, 953, 954, 960, 961, 962, 963, 964, 965]
275	[15, 16, 30, 31, 73, 74, 75, 76, 77, 78, 79, 80, 81]
276	[59, 60, 125, 126, 127, 185, 186]
277	[10, 11, 12, 13, 14, 21, 22, 23]
278	[46, 47, 48]
279	[12, 13, 27, 28, 57, 58, 59, 60, 61]
280	[1, 2, 3, 10, 11, 53, 54]
281	[1, 2, 95, 96, 97, 98, 99, 100, 151, 152]
282	[20, 21, 22, 23, 32, 33, 39, 40, 67, 68, 86, 87, 269, 270, 271, 272, 422, 423, 424, 425, 496, 497, 498, 499, 500, 501]
283	[]
284	[]
285	[41, 42]
286	[28, 29, 30, 31, 32, 33, 34, 35, 36, 65, 66, 158, 159, 197, 198, 199, 311, 312, 420, 421, 422, 423, 476, 477]
287	[52, 53, 132, 133, 134, 135, 140, 141, 142, 143]
288	[10, 11, 12, 103, 104, 105, 106, 147, 148, 154, 155, 196, 197]
289	[63, 64, 65, 66, 67, 68, 79, 80, 100, 101, 102, 103, 199, 200, 201, 202, 203, 204]
290	[76, 77, 78, 79, 91, 92, 198, 199, 365, 366, 367, 368]
291	[253, 254, 266, 267, 296, 297, 298, 299, 300, 301]
292	[20, 21, 35, 36, 37, 38, 39, 40, 41, 42]
293	[0, 1, 2, 3, 4, 6, 7, 8, 9, 10, 118, 119, 120, 121, 122, 123]
294	[9, 10, 11, 12, 13, 14, 146, 147, 197, 198, 271, 272, 273, 274, 275]
295	[190, 191, 192, 193, 194, 195]
296	[60, 61, 126, 127, 128, 129, 145, 146, 152, 153, 202, 203, 204, 205, 206, 207, 208]
297	[19, 20, 21, 22, 23, 24, 39, 40, 231, 232, 291, 292, 293, 294]
298	[13, 14, 15, 16, 17, 18]
299	[]
300	[6, 7, 8, 9, 127, 128, 129, 166, 167, 183, 184, 190, 191, 318, 319, 320, 321, 322, 323, 373, 374, 375, 376, 377, 378, 379, 380, 381]
301	[15, 16, 121, 122, 129, 130, 131, 132, 224, 225, 266, 267, 268, 269, 270, 271, 272, 287, 288, 289, 290, 291, 292]
302	[50, 51, 52, 53, 97, 98, 113, 114, 303, 304, 436, 437, 438]
303	[1, 2]
304	[78, 79, 80, 81, 126, 127, 249, 250, 280, 281, 415, 416, 417, 418, 431, 432, 433, 434, 435]
305	[]
306	[29, 30, 31, 32, 33, 34, 35]
307	[10, 11, 12, 13, 14, 15]
308	[14, 15, 44, 45, 55, 56, 147, 148, 149, 150, 151, 152, 177, 178]
309	[9, 10, 27, 28, 29, 30, 31, 32]
310	[50, 51, 68, 69, 70, 71, 72, 73, 74, 75, 76]
311	[158, 159, 194, 195, 196, 197, 198, 199, 215, 216, 217, 218, 219, 220]
312	[23, 24, 25, 26, 27, 28]
313	[10, 11, 36, 37, 42, 43, 44, 45, 46, 47]
314	[38, 39, 40, 41, 53, 54, 55, 56, 118, 119, 120, 121]
315	[68, 69, 70, 75, 76, 81, 82]
316	[4, 5, 6, 56, 57, 58]
317	[32, 33, 38, 39, 40, 54, 55, 56, 57, 58, 59]
318	[61, 62, 63, 109, 110]
319	[8, 9, 10, 11, 12, 13, 73, 74]
320	[5, 6, 7, 8, 9, 10, 11, 12, 13, 57, 58]
321	[21, 22, 23, 24, 25, 26, 45, 46, 82, 83, 110, 111, 148, 149, 150, 151]
322	[17, 18, 19, 56, 57, 58, 59, 183, 184, 185, 186, 187, 188]
323	[16, 17]
324	[2, 3, 35, 36, 141, 142]
325	[31, 32, 33, 34, 35, 36]
326	[12, 13, 14, 15, 16, 17, 36, 37, 252, 253]
327	[]
328	[15, 16, 17, 56, 57, 58, 59]
329	[57, 58]
330	[35, 36, 37]
331	[30, 31, 32, 33]
332	[27, 28, 29, 30]
333	[36, 37, 116, 117, 118, 119, 120, 121, 122, 123, 124, 140, 141]
334	[25, 26, 27, 36, 37, 38, 39, 40, 57, 58, 59, 60, 61, 62]
335	[6, 7, 134, 135, 136, 259, 260, 352, 353, 418, 419, 420, 421]
336	[19, 20, 21, 22, 47, 48]
337	[45, 46, 59, 60, 67, 68, 69, 70]
338	[12, 13]
339	[13, 14, 15, 16, 17, 18, 19, 51, 52]
340	[9, 10, 75, 76, 135, 136, 171, 172]
341	[]
342	[28, 29, 42, 43, 48, 49, 50, 51, 52]
343	[]
344	[4, 5, 6, 7, 8, 9]
345	[0, 1, 2, 3, 4, 5, 6, 42, 43, 44, 55, 56, 80, 81, 82, 83, 84, 85, 179, 180]
346	[50, 51, 69, 70, 71, 72, 73, 74, 86, 87, 108, 109]
347	[]
348	[19, 20, 184, 185, 236, 237, 238, 248, 249, 419, 420, 503, 504, 507, 508, 509, 510, 707, 708, 709, 710, 711, 712, 713, 714, 715, 716, 789, 790, 791, 792]
349	[85, 86, 191, 192, 199, 200, 440, 441, 459, 460, 461, 462, 515, 516, 562, 563, 564, 565]
350	[32, 33]
351	[39, 40, 112, 113, 114, 115, 116, 117, 118, 119, 122, 123]
352	[10, 11, 12, 13, 14, 149, 150, 163, 164, 165, 166]
353	[30, 31, 32, 33, 34, 35, 80, 81, 96, 97, 98, 99]
354	[]
355	[30, 31, 95, 96, 125, 126]
356	[18, 19, 20, 21, 22]
357	[20, 21, 22, 23, 24, 25]
358	[4, 5, 148, 149, 152, 153, 154, 155, 156, 157, 158]
359	[89, 90, 128, 129, 255, 256, 336, 337, 348, 349, 350, 351, 352, 353, 443, 444, 445, 446]
360	[72, 73, 76, 77]
361	[4, 5, 6, 7, 8]
362	[10, 11, 34, 35, 145, 146, 147, 148, 149, 150, 196, 197, 198]
363	[56, 57, 58, 59, 63, 64, 136, 137, 150, 151, 172, 173, 174, 175, 181, 182, 311, 312, 313, 314, 315, 316, 317, 318, 319, 320]
364	[18, 19, 20, 31, 32]
365	[31, 32, 33, 34, 35]
366	[3, 4, 23, 24, 52, 53, 54, 55, 56, 100, 101, 102, 103]
367	[125, 126, 127, 128]
368	[93, 94, 95, 156, 157, 158, 159, 160, 161]
369	[9, 10, 11, 12, 13, 14]
370	[]
371	[18, 19, 20, 21, 48, 49, 71, 72, 73, 74, 75, 76, 78, 79, 80, 81, 82]
372	[47, 48, 70, 71, 82, 83, 84, 85, 86, 87, 88, 89, 90, 104, 105, 131, 132, 133, 134, 135, 136, 137, 138, 139]
373	[30, 31, 32, 33, 34]
374	[1, 2, 26, 27, 49, 50, 76, 77, 78, 79, 80]
375	[13, 14, 15, 16, 17, 18, 24, 25, 59, 60]
376	[8, 9, 10, 11, 49, 50, 51, 52, 53]
377	[]
378	[31, 32, 55, 56, 69, 70, 127, 128, 129, 130, 131, 132, 133, 134, 135]
379	[55, 56, 140, 141, 142, 143, 144, 145]
380	[48, 49, 155, 156, 157, 158, 159]
381	[91, 92, 93, 94, 127, 128, 129, 130, 131]
382	[51, 52, 56, 57, 58]
383	[11, 12, 13, 14, 40, 41, 42, 45, 46, 47, 48, 49, 50, 72, 73]
384	[6, 7, 8, 15, 16, 17, 18, 19, 20, 62, 63, 68, 69, 70, 71, 72, 73]
385	[65, 66]
386	[0, 1, 2, 3, 4, 5, 16, 17]
387	[56, 57, 80, 81, 94, 95, 96, 97, 98, 99]
388	[6, 7, 16, 17, 18, 19, 20]
389	[37, 38, 39, 40, 41, 42, 43, 44, 45]
390	[5, 6]
391	[2, 3, 13, 14, 15, 27, 28, 54, 55, 189, 190, 301, 302, 303, 304, 305, 306, 307, 308]
392	[86, 87, 88, 89, 90, 91]
393	[6, 7, 56, 57, 203, 204, 205, 206, 207, 208, 209, 210, 232, 233, 237, 238, 239, 240, 241, 242, 274, 275, 276, 277, 278, 279, 400, 401, 402, 403, 404, 405, 406, 407, 408]
394	[46, 47, 48, 49, 50]
395	[1, 2, 3, 22, 23]
396	[6, 7, 8, 9, 10, 11]
397	[]
398	[15, 16, 258, 259, 260, 261]
399	[14, 15, 100, 101, 102, 103, 104, 105, 132, 133, 134, 135, 170, 171, 172, 173, 174, 175, 176, 177, 178, 238, 239, 312, 313, 378, 379, 877, 878, 879, 880]
400	[67, 68, 69, 70, 71, 86, 87, 203, 204, 215, 216, 229, 230, 231, 232, 261, 262, 263, 264, 265, 266]
401	[82, 83, 84, 98, 99, 100, 101]
402	[54, 55, 56, 57, 58, 59, 87, 88, 168, 169, 253, 254]
403	[21, 22, 23, 24, 66, 67, 68, 118, 119, 120, 121, 122, 123]
404	[21, 22, 23, 24, 25, 26, 104, 105, 106, 164, 165, 166, 167, 259, 260, 261, 262, 267, 268, 269]
405	[54, 55, 57, 58, 59, 60, 61, 62, 140, 141, 148, 149, 152, 153, 154, 155, 212, 213, 214]
406	[73, 74, 117, 118, 119]
407	[2, 3, 26, 27, 28, 29, 30, 31, 32]
408	[0, 1, 2, 3, 4, 5, 25, 26]
409	[15, 16, 17, 22, 23, 24, 25, 80, 81, 82, 83, 84, 85]
410	[50, 51, 65, 66, 67, 68, 69, 70, 71, 72]
411	[197, 198, 199, 200, 227, 228, 402, 403, 404]
412	[9, 10, 82, 83, 84, 169, 170, 289, 290, 310, 311]
413	[17, 18, 19, 55, 56, 57, 58, 59, 60]
414	[37, 38, 39, 40, 41, 42, 43, 44, 45]
415	[8, 9, 10, 11, 12, 20, 21]
416	[82, 83, 84, 85, 86, 87, 88, 89, 90, 179, 180, 181, 182, 347, 348]
417	[23, 24, 25, 26, 27, 103, 104]
418	[53, 54, 131, 132, 147, 148, 149, 158, 159]
419	[]
420	[]
421	[20, 21, 35, 36]
422	[24, 25, 26, 27, 28, 36, 37]
423	[7, 8, 9, 10, 11, 12, 13, 30, 31, 73, 74]
424	[25, 26, 27, 28, 48, 49, 64, 65, 66, 67, 68, 120, 121, 122, 123, 124, 125]
425	[0, 1, 2, 3, 4, 5, 6]
426	[30, 31, 50, 51, 52, 53, 116, 117, 118, 141, 142, 143, 144, 145, 146, 168, 169, 170, 171, 172, 173]
427	[]
428	[64, 65, 66, 67, 68, 69, 95, 96, 97]
429	[7, 8, 9, 10, 16, 17, 18, 37, 38, 39, 76, 77, 86, 87, 88, 89]
430	[20, 21]
431	[7, 8, 9, 10, 11, 26, 27, 109, 110]
432	[15, 16, 17, 18, 19, 20, 41, 42]
433	[84, 85, 86, 94, 95, 96, 97, 98, 99, 132, 133]
434	[2, 3, 4, 5, 6, 23, 24, 25, 26, 27, 28, 29, 30, 31, 32, 52, 53, 94, 95, 119, 120]
435	[7, 8, 9, 10, 11, 12, 24, 25]
436	[156, 157, 183, 184, 220, 221, 222, 223, 224, 225, 226, 227]
437	[8, 9, 10, 11, 12, 13]
438	[3, 4, 5, 14, 15, 107, 108, 109, 110, 156, 157]
439	[10, 11, 27, 28, 29, 30, 211, 212, 213, 214, 215, 216, 217, 218, 291, 292, 435, 436, 437]
440	[10, 11, 12, 34, 35, 160, 161]
441	[27, 28, 29, 30, 31]
442	[37, 38, 126, 127, 128, 129, 130, 131, 132, 133, 134, 135]
443	[9, 10, 14, 15, 16, 239, 240, 261, 262, 263, 264, 355, 356, 357, 358, 451, 452, 453, 454, 455]
444	[12, 13, 14, 15, 16, 65, 66]
445	[6, 7, 8, 9, 10, 11]
446	[1, 2]
447	[75, 76, 77, 110, 111, 112, 113, 114, 115, 268, 269, 270]
448	[14, 15]
449	[18, 19, 22, 23]
450	[289, 290, 291, 292, 449, 450, 451, 541, 542]
451	[146, 147, 165, 166, 167, 168, 174, 175]
452	[72, 73, 74, 75, 76, 77]
453	[71, 72, 78, 79, 80, 139, 140, 161, 162, 163, 164, 179, 180]
454	[59, 60, 61, 62, 63]
455	[114, 115, 134, 135, 136, 137, 138, 139]
456	[19, 20, 74, 75, 76, 77, 78, 79, 95, 96, 97, 98, 99, 100]
457	[21, 22, 23, 24, 25, 26, 40, 41, 42]
458	[121, 122, 169, 170]
459	[68, 69, 70, 71, 72, 88, 89, 127, 128, 129, 145, 146, 147, 148]
460	[60, 61, 70, 71, 93, 94, 95]
461	[144, 145]
462	[120, 121, 122, 131, 132, 133, 134, 135, 136, 137, 138]
463	[59, 60]
464	[5, 6, 9, 10]
465	[]
466	[14, 15, 49, 50, 51, 52, 53]
467	[17, 18]
468	[63, 64, 65, 116, 117, 163, 164, 239, 240, 397, 398, 399, 400, 401, 402, 403, 404, 405, 406, 407, 408, 425, 426, 451, 452, 875, 876, 877, 878, 897, 898, 899]
469	[37, 38, 39, 40, 41, 42]
470	[37, 38, 39, 40, 41, 42, 43, 44, 45]
471	[12, 13, 79, 80, 83, 84, 85, 86, 87, 88]
472	[31, 32, 33, 34, 35]
473	[161, 162, 199, 200, 278, 279, 361, 362, 363, 364, 365, 366, 367]
474	[21, 22, 33, 34, 64, 65, 66, 67, 68, 69]
475	[2, 3, 4, 53, 54, 75, 76, 77, 78, 79, 80, 81, 82, 83, 150, 151, 243, 244, 245, 246, 320, 321, 322, 323, 426, 427, 526, 527, 528, 529, 530, 531]
476	[5, 6]
477	[40, 41]
478	[1, 2, 14, 15, 16, 32, 33, 34, 35]
479	[5, 6, 7, 8, 33, 34]
480	[10, 11, 12]
481	[39, 40, 41, 42, 107, 108, 123, 124, 184, 185]
482	[17, 18, 95, 96, 97, 98, 145, 146, 147, 148, 187, 188]
483	[]
484	[76, 77, 78, 133, 134, 189, 190, 191, 192, 193]
485	[]
486	[32, 33, 34, 35, 36, 37]
487	[37, 38, 61, 62, 87, 88, 89, 90, 91, 92, 93, 94, 95, 96, 97, 127, 128, 129, 130]
488	[33, 34]
489	[18, 19]
490	[13, 14, 17, 18, 155, 156]
491	[15, 16, 17, 18, 19, 99, 100, 257, 258, 294, 295, 296]
492	[]
493	[6, 7, 8, 9, 114, 115, 116, 117, 118, 119]
494	[19, 20, 21, 22, 23, 24]
495	[1, 2, 3, 71, 72, 190, 191, 220, 221, 222, 223, 224]
496	[4, 5, 6, 7, 8, 33, 34, 35, 36, 37, 61, 62, 95, 96, 97, 130, 131, 146, 147, 148, 149, 150, 151, 152, 153, 154, 155, 190, 191, 192, 193]
497	[51, 52, 53]
498	[14, 15, 16, 19, 20, 68, 69, 99, 100, 134, 135, 190, 191, 192, 193, 226, 227, 228]
499	[0, 1, 2, 3, 4, 5]
500	[18, 19, 20, 35, 36, 37, 38, 39]
501	[1, 2, 21, 22, 23, 24, 25, 26]
502	[31, 32, 36, 37, 47, 48, 49, 50, 51, 52, 78, 79, 80, 169, 170, 171, 323, 324, 359, 360, 361, 362, 363, 364, 365, 367, 368, 369, 370, 371, 372, 373, 374, 375]
503	[1, 2, 23, 24, 49, 50, 130, 131, 132, 133, 134, 135]
504	[30, 31, 32, 33, 34, 35, 93, 94, 95, 96]
505	[58, 59, 60, 61, 62]
506	[21, 22]
507	[70, 71, 72, 73, 74, 112, 113, 116, 117, 118, 119, 218, 219, 220, 221, 222, 223]
508	[15, 16, 25, 26, 27, 28, 29]
509	[35, 36, 91, 92]
510	[18, 19, 20, 108, 109, 153, 154, 163, 164, 165, 166, 167, 168, 170, 171]
511	[7, 8, 9, 10, 36, 37, 38, 39, 40, 41, 42, 176, 177, 202, 203]
512	[13, 14, 15, 45, 46, 61, 62, 63, 64, 65, 137, 138]
513	[25, 26, 27]
514	[7, 8, 60, 61]
515	[74, 75, 76, 101, 102, 103, 104, 123, 124, 275, 276, 284, 285, 286]
516	[15, 16]
517	[32, 33, 34, 35, 95, 96, 97, 98, 99, 100, 165, 166, 167, 178, 179, 180, 181]
518	[42, 43, 44, 45, 46, 47, 48, 49, 50, 82, 83, 118, 119, 120, 121, 122, 123, 124]
519	[9, 10, 82, 83, 84, 85, 86, 87, 88, 89, 90, 101, 102, 103, 104]
520	[22, 23, 24, 25, 26, 66, 67, 68, 103, 104, 105, 106, 107, 108, 134, 135]
521	[19, 20, 21, 22, 23, 24, 66, 67]
522	[6, 7, 8, 9, 10, 11]
523	[13, 14, 15, 16, 17, 18, 64, 65]
524	[47, 48, 64, 65, 66, 67, 68, 154, 155]
525	[24, 25, 26, 27, 28, 29, 85, 86, 103, 104]
526	[130, 131]
527	[54, 55, 56]
528	[46, 47]
529	[40, 41]
530	[15, 16, 17, 18, 19, 39, 40, 47, 48, 49, 50, 51, 52, 56, 57]
531	[15, 16, 17, 18, 19, 20, 56, 57, 58, 59]
532	[15, 16, 26, 27, 28, 29, 30, 31, 37, 38]
533	[16, 17, 18, 19, 20, 21]
534	[18, 19, 20, 21, 22]
535	[14, 15, 16, 17, 18, 19]
536	[54, 55, 59, 60, 85, 86]
537	[19, 20, 21, 22, 46, 47, 70, 71]
538	[50, 51, 52, 61, 62, 63, 64, 65]
539	[8, 9, 10, 11, 12, 22, 23]
540	[112, 113, 114, 124, 125, 296, 297]
541	[83, 84, 110, 111]
542	[38, 39, 40, 113, 114, 115, 116, 390, 391, 392, 393, 394, 395]
543	[1, 2, 3]
544	[6, 7, 52, 53, 54, 55, 56, 57, 65, 66]
545	[37, 38, 230, 231, 232, 233, 234, 235, 236, 237, 238]
546	[27, 28, 43, 44, 45]
547	[52, 53, 123, 124, 223, 224, 284, 285, 286]
548	[27, 28, 43, 44, 265, 266, 267, 268, 269, 270, 485, 486, 487, 488, 489, 490]
549	[44, 45, 125, 126, 127, 128, 129, 130, 206, 207]
550	[28, 29, 30, 31, 32, 33]
551	[10, 11, 12, 13, 19, 20, 21, 22, 125, 126, 135, 136, 137, 138, 139, 140, 151, 152, 153]
552	[]
553	[14, 15, 16, 17, 18, 19, 20]
554	[]
555	[]
556	[36, 37, 42, 43, 221, 222, 223, 373, 374, 670, 671]
557	[19, 20, 21, 22, 23, 24, 110, 111]
558	[63, 64]
559	[30, 31, 186, 187, 256, 257, 271, 272, 273, 276, 277, 577, 578, 579, 580, 581, 582, 583]
560	[7, 8, 9, 10, 11, 12]
561	[40, 41, 42, 43, 74, 75, 165, 166, 206, 207, 208, 209, 210, 211]
562	[62, 63, 95, 96, 97, 98, 99, 100, 115, 116, 117, 118]
563	[14, 15, 16, 17, 18]
564	[64, 65]
565	[9, 10, 11, 12, 13, 14, 210, 211]
566	[]
567	[11, 12, 13, 14, 15, 56, 57, 75, 76, 77, 78]
568	[]
569	[18, 19, 24, 25, 26, 81, 82, 83, 111, 112, 113, 114, 115, 116, 117, 118, 119, 120]
570	[]
571	[]
572	[11, 12, 13, 14, 15, 63, 64, 92, 93, 108, 109]
573	[10, 11]
574	[39, 40, 41, 42, 78, 79, 148, 149, 177, 178, 179, 180, 248, 249, 252, 253]
575	[4, 5, 6, 7, 8, 9, 261, 262, 302, 303, 304, 305]
576	[]
577	[16, 17, 144, 145, 347, 348, 349]
578	[3, 4, 118, 119, 120, 121, 122, 123]
579	[]
580	[]
581	[4, 5, 6, 7, 73, 74, 77, 78, 140, 141, 142, 143, 144, 145, 244, 245]
582	[26, 27]
583	[]
584	[0, 1, 2, 3, 4, 5, 6]
585	[14, 15, 16, 17, 18, 44, 45, 46, 47, 48, 49, 76, 77]
586	[42, 43, 109, 110]
587	[58, 59, 176, 177]
588	[51, 52, 53, 54, 134, 135, 259, 260, 271, 272, 277, 278, 279, 280, 281, 282]
589	[27, 28, 85, 86, 87, 88, 89, 90, 91, 92, 93, 107, 108]
590	[20, 21, 22, 23, 24, 25, 41, 42, 48, 49]
591	[60, 61, 62, 63, 64, 65]
592	[53, 54, 55, 119, 120, 138, 139, 177, 178, 179, 180, 181, 182, 251, 252, 253, 254]
593	[39, 40, 41, 42, 43, 44, 90, 91, 92, 163, 164]
594	[]
595	[39, 40, 102, 103, 104, 105, 106, 107, 108, 109, 110]
596	[]
597	[6, 7, 11, 12, 13, 42, 43]
598	[65, 66, 329, 330, 331, 332, 365, 366, 367]
599	[64, 65, 88, 89, 90, 98, 99, 116, 117, 118, 119, 120, 121, 181, 182, 201, 202, 212, 213, 214, 215]
600	[64, 65, 66, 67, 68, 69, 70, 71, 72, 95, 96]
601	[23, 24, 25, 26, 27, 62, 63, 64, 65, 107, 108, 195, 196, 280, 281, 282, 283, 299, 300, 301]
602	[61, 62]
603	[]
604	[73, 74, 75, 76, 206, 207, 215, 216]
605	[18, 19, 20, 21, 22]
606	[13, 14, 55, 56, 57, 58, 59, 60]
607	[20, 21, 22, 23, 24, 25, 26, 27, 28]
608	[13, 14, 15, 16, 17, 18]
609	[]
610	[35, 36, 37, 38, 39, 40, 81, 82, 94, 95, 101, 102, 132, 133, 134, 135]
611	[0, 1, 98, 99, 239, 240, 241, 242, 248, 249, 250, 267, 268, 269, 270, 400, 401, 435, 436, 437, 438, 439, 478, 479]
612	[]
613	[]
614	[21, 22, 24, 25, 26, 27, 28, 29]
615	[18, 19, 20, 21, 22]
616	[176, 177, 194, 195, 362, 363, 364, 365, 366, 367]
617	[]
618	[23, 24, 25, 26, 57, 58, 109, 110, 121, 122, 198, 199, 200, 201, 291, 292, 462, 463, 464, 465, 466, 467, 468, 469, 470, 473, 474, 475, 476, 658, 659, 660, 681, 682, 683, 684, 685, 686, 687, 688, 712, 713, 714, 715]
619	[36, 37, 45, 46, 47, 48, 49, 50]
620	[1, 2, 68, 69, 70, 71, 116, 117, 118, 119, 120, 165, 166, 167, 168, 169]
621	[7, 8, 9, 10, 11, 12, 18, 19, 35, 36, 37, 50, 51, 98, 99]
622	[39, 40]
623	[18, 19, 185, 186, 187, 188, 291, 292, 325, 326, 329, 330, 331, 371, 372, 373, 374, 421, 422, 423, 424, 425, 481, 482, 523, 524, 586, 587, 588]
624	[9, 10, 11, 12, 13, 14]
625	[51, 52, 53, 54, 55, 56, 88, 89, 90, 91, 137, 138, 171, 172, 281, 282, 435, 436, 446, 447, 448]
626	[128, 129, 175, 176]
627	[]
628	[4, 5, 6, 7]
629	[170, 171, 172, 173, 196, 197, 198, 199, 200]
630	[1, 2, 28, 29, 114, 115, 116, 117, 118, 141, 142, 217, 218, 264, 265, 266, 292, 293, 294, 295, 313, 314, 315, 316, 317, 318, 319, 320, 321, 322, 338, 339, 355, 356, 357, 358]
631	[34, 35, 36, 37, 38, 51, 52, 65, 66, 67, 68, 69, 90, 91]
632	[70, 71]
633	[19, 20, 21, 22, 23, 24, 88, 89, 90, 91, 92, 93, 148, 149, 265, 266, 267]
634	[29, 30, 31, 32]
635	[35, 36]
636	[70, 71, 74, 75]
637	[1, 2, 33, 34, 37, 38, 39, 40, 269, 270]
638	[9, 10, 16, 17, 18, 19, 20, 21, 127, 128, 177, 178, 187, 188, 243, 244, 245, 246, 412, 413, 414, 415, 416, 417, 493, 494, 495, 496]
639	[3, 4, 5, 6, 7, 52, 53, 54, 55, 56, 57, 75, 76, 122, 123, 124, 125, 245, 246]
640	[47, 48, 76, 77, 78, 79, 80, 81]
641	[166, 167, 168, 169]
642	[30, 31, 88, 89, 90, 93, 94]
643	[42, 43, 73, 74, 105, 106, 107, 108, 109, 110, 119, 120, 121, 122, 150, 151, 152, 153, 154, 155, 156, 157, 181, 182, 183, 184, 300, 301]
644	[21, 22, 80, 81, 84, 85, 86, 101, 102, 103, 104, 137, 138, 191, 192, 193, 291, 292, 293, 294, 295, 296, 311, 312, 313, 314, 315, 316, 317, 318]
645	[1, 2, 3, 37, 38, 49, 50, 51, 52, 53, 54, 76, 77]
646	[39, 40, 41, 44, 45, 46, 47, 48]
647	[69, 70, 79, 80, 81, 82, 83, 84, 107, 108, 109]
648	[7, 8, 9, 10, 41, 42, 62, 63]
649	[19, 20, 21, 22, 55, 56, 57, 158, 159, 160, 161, 283, 284, 285, 410, 411, 529, 530, 531, 532]
650	[10, 11, 12, 13, 16, 17]
651	[20, 21, 76, 77]
652	[16, 17, 18, 19, 20, 21, 38, 39, 40, 41, 110, 111, 115, 116]
653	[]
654	[26, 27, 222, 223, 247, 248, 373, 374, 375, 376, 377, 378]
655	[7, 8, 9, 10, 11, 12, 13, 14, 15, 48, 49]
656	[31, 32, 43, 44, 85, 86, 87, 88, 202, 203, 204, 205, 245, 246, 256, 257, 258, 266, 267]
657	[22, 23, 24, 25, 26]
658	[]
659	[43, 44, 45, 46, 47, 48, 53, 54, 55, 56, 57, 58, 59]
660	[125, 126, 127]
661	[]
662	[39, 40, 41, 42]
663	[12, 13, 14, 69, 70]
664	[14, 15, 16, 17, 19, 20, 21, 22, 23, 24, 25]
665	[63, 64, 130, 131, 174, 175, 250, 251]
666	[29, 30, 31, 32]
667	[23, 24, 29, 30, 31, 92, 93, 270, 271]
668	[3, 4, 52, 53, 56, 57, 58, 59, 60, 61, 62, 76, 77, 78]
669	[86, 87, 131, 132, 133, 134, 135, 148, 149, 160, 161, 162, 170, 171]
670	[2, 3, 44, 45]
671	[4, 5, 22, 23, 149, 150, 168, 169, 191, 192, 193]
672	[]
673	[12, 13, 137, 138, 140, 141, 142, 143, 144, 145]
674	[1, 2, 10, 11, 33, 34, 35, 36, 37, 38, 39, 40, 41]
675	[181, 182, 183, 184, 187, 188, 189, 190, 216, 217, 232, 233, 234]
676	[4, 5, 129, 130, 131, 147, 148, 149, 211, 212, 213, 214, 215, 216, 217, 218, 335, 336, 337, 338, 339, 457, 458, 537, 538, 614, 615, 616, 617, 618, 619, 864, 865, 939, 940]
677	[13, 14, 15, 16, 17]
678	[3, 4, 5, 6, 15, 16, 17, 18]
679	[104, 105, 106, 107, 108, 109, 121, 122, 218, 219, 321, 322, 323, 324, 809, 810, 897, 898, 899, 900, 932, 933]
680	[6, 7, 8, 9, 19, 20, 42, 43, 83, 84]
681	[49, 50, 66, 67]
682	[]
683	[1, 2, 3, 21, 22, 64, 65]
684	[41, 42]
685	[23, 24, 25, 65, 66, 130, 131, 132, 133, 187, 188]
686	[42, 43, 44, 45, 46, 47]
687	[3, 4, 27, 28, 54, 55]
688	[21, 22, 23, 24, 39, 40, 41, 42]
689	[12, 13, 14, 34, 35, 36, 37, 38, 39, 83, 84]
690	[28, 29, 30, 31, 32, 33, 58, 59]
691	[46, 47, 105, 106, 115, 116, 117, 118, 119, 120, 230, 231, 290, 291, 292, 293]
692	[51, 52, 58, 59, 69, 70]
693	[141, 142, 143, 144, 145, 146, 249, 250, 253, 254]
694	[9, 10, 23, 24, 25, 26, 27, 45, 46, 47]
695	[113, 114, 160, 161, 264, 265, 266, 267, 268, 269, 270]
696	[1, 2, 15, 16, 17, 18, 19, 35, 36, 40, 41, 42, 226, 227, 228, 263, 264, 265, 266]
697	[143, 144, 145, 193, 194, 195, 196, 197, 198, 231, 232, 233, 234, 235, 247, 248, 249]
698	[22, 23, 51, 52]
699	[31, 32, 54, 55, 56, 67, 68, 69, 70, 71]
700	[43, 44, 75, 76, 189, 190, 265, 266, 267, 569, 570, 571, 572, 573, 574]
701	[103, 104, 105, 106, 107, 108, 109, 110, 111]
702	[28, 29, 34, 35, 36, 37, 38, 53, 54]
703	[41, 42, 198, 199, 418, 419, 472, 473, 554, 555, 556, 557]
704	[18, 19]
705	[51, 52, 64, 65, 66, 67, 125, 126, 144, 145, 146, 147, 148, 149, 236, 237]
706	[79, 80, 253, 254, 271, 272, 323, 324, 325, 326]
707	[10, 11, 43, 44, 105, 106]
708	[41, 42, 43, 115, 116, 149, 150, 151, 152, 153, 230, 231, 235, 236, 257, 258, 259, 260, 265, 266, 299, 300, 322, 323, 509, 510, 511, 512, 513]
709	[6, 7, 8, 19, 20, 21, 22, 23, 24, 65, 66, 100, 101]
710	[16, 17, 18, 19, 58, 59, 60, 61, 62, 63]
711	[40, 41, 42, 43, 46, 47, 173, 174, 175, 211, 212, 213, 214, 215]
712	[21, 22, 45, 46, 265, 266, 327, 328, 329, 330, 331, 332]
713	[105, 106, 119, 120, 168, 169, 170, 171, 172, 173, 174, 175, 176, 177, 198, 199, 200, 201, 202, 203, 204, 205, 206, 347, 348, 386, 387, 400, 401, 402, 403, 404, 412, 413, 523, 524, 525, 577, 578, 579, 580, 581, 582, 583, 584, 684, 685, 686]
714	[73, 74, 129, 130, 142, 143, 144, 145, 207, 208, 209, 210, 314, 315, 316, 317, 318, 319, 320, 421, 422]
715	[49, 50, 51, 52, 101, 102, 142, 143, 145, 146, 147, 148, 149, 150]
716	[0, 1, 2, 3, 4, 5, 11, 12, 47, 48]
717	[]
718	[28, 29, 64, 65, 66, 80, 81, 115, 116, 117, 118, 149, 150, 196, 197, 198, 199, 200]
719	[7, 8, 9, 10, 11, 12, 86, 87, 138, 139, 141, 142, 143, 144, 145, 146]
720	[1, 2, 67, 68, 114, 115, 116, 117, 140, 141, 142, 143]
721	[47, 48, 54, 55, 73, 74]
722	[1, 2, 3, 115, 116, 195, 196, 231, 232, 233, 234, 235, 236, 237, 238, 239, 242, 243]
723	[26, 27, 28, 29, 30, 31]
724	[20, 21]
725	[74, 75, 76, 93, 94, 96, 97, 98, 99, 100, 101]
726	[31, 32, 74, 75, 77, 78, 79, 80, 81, 82, 93, 94, 95, 320, 321, 335, 336, 337, 338, 339, 454, 455, 456, 457, 458, 459, 460, 461]
727	[81, 82, 83, 84, 85, 86]
728	[78, 79, 118, 119]
729	[51, 52]
730	[]
731	[24, 25, 32, 33, 34]
732	[15, 16, 17, 18, 19, 20, 129, 130, 131, 132, 189, 190, 191, 192, 193, 194]
733	[68, 69, 70, 71, 72, 73, 93, 94, 97, 98]
734	[26, 27, 33, 34, 35, 36, 37, 38, 39, 40, 41, 42]
735	[22, 23, 24, 25, 26, 27, 28, 29, 30, 70, 71, 252, 253, 254, 255]
736	[12, 13, 14, 15, 77, 78, 98, 99, 100, 101, 102, 103]
737	[46, 47, 48, 49, 50, 51, 52, 102, 103, 104, 105, 106]
738	[0, 1, 2, 3, 4, 5, 11, 12]
739	[]
740	[60, 61, 68, 69, 208, 209]
741	[22, 23, 37, 38, 137, 138, 139, 140]
742	[25, 26, 27, 28, 29, 30]
743	[48, 49, 53, 54, 59, 60, 78, 79, 80, 81, 82, 317, 318, 319, 714, 715, 716, 717, 718, 719, 749, 750, 751, 752, 753, 754, 755, 756, 757, 786, 787, 788, 789, 825, 826, 837, 838]
744	[49, 50, 51, 52, 53, 54, 57, 58, 59, 128, 129, 155, 156]
745	[33, 34, 43, 44, 82, 83, 243, 244, 245, 246, 247, 276, 277, 278, 279]
746	[104, 105, 112, 113]
747	[28, 29, 49, 50, 51]
748	[10, 11]
749	[9, 10, 11, 12, 13]
750	[29, 30, 31, 60, 61]
751	[13, 14, 29, 30]
752	[23, 24, 25, 26, 27, 28]
753	[58, 59, 93, 94, 110, 111, 340, 341, 342, 343]
754	[2, 3, 48, 49, 50, 51, 52, 53]
755	[1, 2, 16, 17, 18, 19, 20]
756	[25, 26, 66, 67, 111, 112, 113, 114]
757	[50, 51, 52, 61, 62, 63, 64, 65]
758	[23, 24]
759	[57, 58, 86, 87, 88, 89, 90, 126, 127, 205, 206, 365, 366, 367, 516, 517, 543, 544]
760	[15, 16, 17, 18, 19, 20, 67, 68, 69]
761	[12, 13, 19, 20]
762	[4, 5]
763	[44, 45, 56, 57, 58]
764	[2, 3, 4, 5, 82, 83]
765	[5, 6, 7, 8, 9, 10, 57, 58]
766	[]
767	[13, 14, 15, 16, 17, 18]
768	[56, 57, 193, 194, 195, 196, 197, 198, 199, 302, 303, 434, 435]
769	[17, 18, 34, 35, 36, 37, 38, 39, 40]
770	[12, 13]
771	[1, 2, 3, 7, 8, 101, 102, 118, 119, 120, 121]
772	[29, 30, 31, 32, 33, 34, 35, 36, 37, 38, 51, 52, 53, 54, 55, 56]
773	[19, 20, 22, 23, 24, 25, 26, 27, 28, 29]
774	[0, 1, 8, 9, 10, 11, 12, 46, 47]
775	[32, 33, 68, 69, 89, 90, 96, 97, 98, 99, 100, 101]
776	[]
777	[12, 13, 14, 25, 26, 66, 67, 92, 93, 94, 266, 267, 325, 326, 335, 336, 337, 338, 376, 377]
778	[]
779	[23, 24, 72, 73, 74, 75, 76, 79, 80]
780	[10, 11, 12, 13, 14, 15, 20, 21, 37, 38, 39, 40, 41, 42, 43, 79, 80, 81, 86, 87, 94, 95, 96, 97, 98, 99, 100, 101, 102]
781	[]
782	[19, 20, 21, 22, 23]
783	[]
784	[1, 2, 11, 12, 13, 14, 15, 16, 19, 20, 21, 60, 61]
785	[19, 20, 31, 32]
786	[17, 18, 19, 20, 49, 50, 51, 52, 156, 157, 172, 173]
787	[33, 34, 35, 36, 37, 38, 39, 40, 41, 47, 48]
788	[5, 6, 30, 31, 32, 33, 34, 43, 44, 45, 46, 47, 48, 60, 61, 62, 63, 77, 78, 79, 137, 138, 197, 198]
789	[15, 16, 91, 92, 133, 134, 135, 136, 137, 368, 369, 370, 371, 411, 412, 526, 527, 528, 529, 567, 568]
790	[21, 22, 63, 64, 65, 66, 67, 68, 69, 70, 71]
791	[153, 154, 157, 158, 159, 160, 175, 176, 223, 224, 225, 226, 227, 228, 438, 439, 440, 441, 442, 443, 474, 475, 496, 497, 498, 499, 500]
792	[20, 21, 22, 23, 24, 42, 43, 56, 57]
793	[50, 51]
794	[56, 57, 58, 59, 60, 61, 62, 63, 68, 69, 70, 71, 72, 73, 74, 75, 76, 99, 100, 107, 108, 313, 314]
795	[64, 65, 66, 67, 100, 101, 102, 199, 200, 262, 263, 264, 265, 271, 272, 365, 366, 367, 368, 369, 370, 415, 416, 450, 451, 452, 453, 454, 455, 456, 457, 458]
796	[18, 19, 91, 92, 99, 100, 115, 116, 117, 118, 119, 145, 146]
797	[111, 112]
798	[43, 44, 50, 51, 52, 53, 54, 55, 56, 57, 58, 87, 88, 89]
799	[170, 171, 329, 330, 331, 332, 337, 338, 339, 340, 341, 342]
800	[]
801	[22, 23, 24, 25]
802	[15, 16, 17, 18, 19, 91, 92, 93, 109, 110, 149, 150, 151, 152, 153, 154, 194, 195, 196, 197, 203, 204]
803	[234, 235, 238, 239, 240]
804	[33, 34, 35, 36, 37, 52, 53, 176, 177, 212, 213, 214, 295, 296]
805	[34, 35, 156, 157, 158, 182, 183, 184, 185, 186, 187]
806	[16, 17, 18, 19, 20, 21]
807	[9, 10, 11, 12, 13, 53, 54, 55, 56, 140, 141]
808	[39, 40, 145, 146, 147, 148, 151, 152, 305, 306]
809	[68, 69, 73, 74, 75, 85, 86, 145, 146, 178, 179]
810	[]
811	[18, 19, 20, 21, 22, 23]
812	[14, 15, 16, 17, 28, 29, 30, 99, 100, 129, 130, 131, 132, 133, 226, 227, 228, 229, 230, 231, 232, 233, 259, 260, 261, 262, 263, 264, 300, 301]
813	[52, 53, 54, 88, 89, 90, 164, 165, 220, 221, 222, 223, 224]
814	[64, 65]
815	[45, 46, 82, 83, 113, 114, 160, 161, 162, 163, 164, 165, 166, 167, 168]
816	[]
817	[]
818	[32, 33, 34, 35, 36, 59, 60, 105, 106]
819	[54, 55, 82, 83, 353, 354, 592, 593, 817, 818, 954, 955]
820	[10, 11, 16, 17, 18, 19, 20, 21]
821	[9, 10, 63, 64, 65, 66, 67, 68, 69, 70, 71, 79, 80, 179, 180, 181, 182, 183]
822	[76, 77, 80, 81, 82, 83, 84, 85]
823	[27, 28, 158, 159, 173, 174, 175, 176, 177]
824	[125, 126, 127, 128, 129, 130, 131, 132, 231, 232, 233, 295, 296, 297, 309, 310, 311, 312, 313]
825	[74, 75, 96, 97, 138, 139, 140, 141, 142, 166, 167, 180, 181, 182, 183]
826	[57, 58, 59, 60]
827	[6, 7, 8, 61, 62]
828	[1, 2, 3, 8, 9, 10, 11, 12]
829	[51, 52, 53, 61, 62, 63, 64, 132, 133, 169, 170, 171]
830	[30, 31, 32]
831	[11, 12, 14, 15, 16, 17, 18, 19]
832	[69, 70, 183, 184, 185, 320, 321, 854, 855, 856, 857]
833	[45, 46, 137, 138, 141, 142, 143, 144, 234, 235]
834	[18, 19, 50, 51]
835	[8, 9, 22, 23, 24, 25, 26, 27, 106, 107]
836	[21, 22]
837	[8, 9, 10, 11, 12, 22, 23]
838	[18, 19, 138, 139, 140, 141, 150, 151]
839	[2, 3, 240, 241, 310, 311, 452, 453, 454]
840	[1, 2, 6, 7, 21, 22, 69, 70, 71, 72, 73]
841	[]
842	[0, 1, 2, 3, 4, 49, 50, 55, 56, 198, 199, 200, 201, 202, 203]
843	[5, 6, 7, 21, 22, 23, 24, 25, 26]
844	[]
845	[40, 41, 42, 43, 44, 45, 46, 47, 48]
846	[23, 24, 41, 42, 52, 53, 70, 71, 72, 73]
847	[2, 3, 63, 64, 65, 98, 99, 110, 111, 133, 134, 145, 146, 248, 249, 250, 251, 252]
848	[25, 26, 27, 28, 35, 36, 37, 105, 106, 135, 136, 137, 138]
849	[12, 13, 14, 15, 16, 17]
850	[]
851	[1, 2, 37, 38, 39, 40, 41, 42, 48, 49]
852	[9, 10]
853	[45, 46]
854	[5, 6, 7, 45, 46, 80, 81, 82, 83, 84, 85]
855	[1, 2, 3, 60, 61, 62, 63, 64, 65]
856	[100, 101]
857	[5, 6, 7, 8, 9, 10, 68, 69, 117, 118]
858	[37, 38, 39, 40, 41, 42]
859	[49, 50, 76, 77, 135, 136, 137, 138, 139, 140, 141, 180, 181, 208, 209, 210, 274, 275, 276, 277, 294, 295]
860	[101, 102, 145, 146, 147, 148, 149, 150]
861	[2, 3, 5, 6, 7, 8, 9, 10, 87, 88, 160, 161, 162, 258, 259, 278, 279]
862	[21, 22, 23, 24, 25, 26, 27, 28, 29]
863	[40, 41, 42, 43, 148, 149, 150, 166, 167, 168, 169, 170, 171]
864	[11, 12, 100, 101, 102, 103, 104, 105]
865	[165, 166, 167, 168, 169, 244, 245, 246, 247, 341, 342]
866	[21, 22, 104, 105]
867	[13, 14]
868	[49, 50, 51, 52, 251, 252, 351, 352, 533, 534, 535, 536, 585, 586, 587, 624, 625, 694, 695, 696, 697, 698, 699, 734, 735, 876, 877, 878, 903, 904, 905, 906, 907, 908, 984, 985, 986, 987, 988, 989, 990, 991, 992]
869	[17, 18, 22, 23, 24, 25, 26, 27]
870	[4, 5, 30, 31, 32, 33]
871	[74, 75, 130, 131, 308, 309, 311, 312, 313, 314, 483, 484, 485, 486, 543, 544, 551, 552, 606, 607, 608, 609, 610, 611]
872	[46, 47]
873	[25, 26, 119, 120, 121, 122, 123, 124, 125]
874	[]
875	[4, 5, 6, 27, 28, 42, 43, 165, 166, 177, 178, 179, 180, 181, 182]
876	[73, 74, 75, 76, 77, 78, 95, 96, 320, 321, 322, 323]
877	[27, 28]
878	[2, 3]
879	[65, 66, 67, 111, 112]
880	[17, 18, 32, 33, 57, 58, 66, 67, 88, 89, 90, 94, 95, 96, 97, 98, 99]
881	[154, 155, 156, 157, 158, 159, 160, 161, 162, 163, 164, 328, 329, 358, 359, 684, 685]
882	[122, 123, 124, 125, 126, 127]
883	[155, 156, 168, 169, 187, 188, 189, 190, 246, 247, 248, 249, 250, 251]
884	[8, 9, 10, 11, 12, 64, 65, 130, 131, 132, 141, 142, 143, 144]
885	[27, 28, 46, 47, 48, 49]
886	[0, 1, 2, 3, 4, 5, 6, 7, 8]
887	[4, 5, 6, 35, 36, 37, 38, 137, 138, 150, 151, 152, 153, 154]
888	[14, 15, 16, 17, 18, 19]
889	[99, 100, 237, 238, 239, 240, 241, 242]
890	[19, 20, 21, 22, 28, 29, 30]
891	[12, 13, 139, 140]
892	[37, 38, 104, 105, 106, 128, 129]
893	[0, 1, 2, 3, 4, 5, 65, 66]
894	[]
895	[29, 30, 80, 81, 184, 185]
896	[14, 15, 16, 17, 18, 19]
897	[55, 56, 57, 58, 59, 60, 61, 62, 63]
898	[0, 1, 2, 3, 4, 5, 12, 13, 14, 15, 74, 75, 76, 113, 114, 115]
899	[57, 58, 85, 86, 87, 88, 104, 105, 106, 107]
900	[77, 78, 79, 80, 81, 82]
901	[4, 5, 6, 7, 51, 52, 89, 90, 141, 142, 143, 144, 145, 146]
902	[45, 46, 130, 131, 132, 133]
903	[22, 23, 96, 97, 98, 99]
904	[0, 1, 2, 3]
905	[30, 31]
906	[141, 142, 176, 177, 178, 179, 180, 181, 209, 210]
907	[2, 3]
908	[4, 5, 25, 26, 27, 28, 29, 30]
909	[12, 13, 197, 198, 199, 200, 289, 290, 343, 344, 372, 373, 375, 376, 377, 378, 379, 384, 385, 386, 387]
910	[1, 2, 3]
911	[67, 68, 69, 70, 113, 114, 115, 291, 292, 293, 294, 295, 296, 297, 298, 299]
912	[5, 6, 7, 8, 9, 10]
913	[]
914	[8, 9, 10, 11, 12]
915	[16, 17, 31, 32, 64, 65]
916	[105, 106, 110, 111, 112, 128, 129, 130]
917	[78, 79, 103, 104, 139, 140]
918	[10, 11, 12, 13, 14, 15, 37, 38, 39]
919	[]
920	[17, 18, 19, 20]
921	[28, 29, 63, 64, 65, 66, 67]
922	[8, 9, 18, 19, 27, 28, 41, 42, 43, 44, 45, 46]
923	[1, 2, 3, 27, 28, 64, 65, 112, 113, 114, 115]
924	[51, 52, 190, 191, 225, 226]
925	[55, 56, 57, 59, 60, 61, 62, 63, 64]
926	[13, 14, 101, 102, 103, 104, 105, 106, 135, 136, 186, 187, 230, 231]
927	[44, 45, 46, 47, 48, 49, 66, 67, 68, 69, 70, 71]
928	[]
929	[17, 18, 63, 64, 65, 66, 67, 68, 69, 70, 71]
930	[36, 37, 38, 39, 40, 41, 82, 83, 84, 85, 224, 225, 226, 227, 529, 530, 784, 785]
931	[49, 50, 98, 99]
932	[9, 10, 40, 41, 42, 43, 44, 45]
933	[22, 23, 29, 30, 76, 77, 78, 250, 251, 252, 253, 304, 305, 306, 307, 308, 309]
934	[3, 4, 5, 6, 28, 29, 47, 48]
935	[18, 19]
936	[1, 2, 22, 23, 215, 216, 228, 229, 230, 231]
937	[13, 14, 15, 16]
938	[35, 36, 37, 38, 56, 57, 90, 91, 92, 117, 118, 305, 306, 307, 308, 309]
939	[8, 9, 10, 11, 12, 13, 33, 34]
940	[0, 1, 2, 3, 4, 5, 57, 58]
941	[0, 1, 2, 3, 4, 5]
942	[14, 15, 16, 17, 18, 19, 78, 79]
943	[18, 19, 22, 23, 24, 25, 26, 27, 28]
944	[25, 26, 27, 28, 29, 39, 40, 44, 45, 46, 54, 55, 56]
945	[18, 19, 20, 21, 22]
946	[]
947	[39, 40, 41, 72, 73]
948	[46, 47]
949	[19, 20, 42, 43, 44, 45, 46]
950	[31, 32, 33, 34, 35, 36, 37]
951	[40, 41, 42, 43, 44]
952	[5, 6]
953	[5, 6, 39, 40, 41, 56, 57, 198, 199, 200, 201, 202]
954	[61, 62, 63, 64, 65, 66, 107, 108, 124, 125, 190, 191, 192, 193, 228, 229, 259, 260]
955	[5, 6, 7, 8, 9]
956	[]
957	[]
958	[48, 49, 50, 51, 52, 53, 54, 112, 113, 133, 134]
959	[8, 9, 20, 21, 22, 23, 49, 50, 83, 84, 85]
960	[17, 18, 19, 20, 21, 22, 23]
961	[27, 28, 29, 30, 31, 32, 42, 43, 56, 57, 58, 59, 263, 264, 265, 266, 326, 327, 339, 340, 341, 342, 491, 492, 493, 494, 495, 496, 497, 498, 613, 614]
962	[23, 24, 32, 33, 72, 73]
963	[9, 10, 11, 12, 32, 33, 41, 42, 43, 44, 45, 46, 47, 48, 99, 100, 101, 102, 103, 104]
964	[]
965	[63, 64, 119, 120, 122, 123, 124, 125, 126, 127, 223, 224]
966	[15, 16, 17, 18, 19, 124, 125, 143, 144, 150, 151, 152, 153, 167, 168]
967	[9, 10, 119, 120, 121, 122, 162, 163, 164, 165, 166, 176, 177]
968	[5, 6, 74, 75, 76, 77, 78, 79, 80, 81, 82, 87, 88, 89, 90, 91, 92, 93, 94, 95]
969	[]
970	[13, 14, 15, 37, 38, 109, 110, 111, 112, 113, 114, 117, 118, 119, 169, 170, 191, 192, 193, 194]
971	[5, 6, 79, 80, 95, 96, 97]
972	[1, 2, 3, 27, 28, 42, 43]
973	[34, 35, 36, 37, 38, 39, 55, 56]
974	[17, 18, 19, 20, 21, 97, 98, 254, 255]
975	[31, 32, 83, 84, 85, 94, 95, 103, 104]
976	[0, 1, 2, 30, 31, 82, 83, 155, 156, 157, 158, 217, 218, 219, 220, 221]
977	[2, 3, 4, 5]
978	[14, 15, 16, 17, 27, 28, 62, 63, 64, 65, 66, 67]
979	[68, 69, 70, 71, 72, 73]
980	[19, 20, 133, 134, 234, 235, 342, 343, 344, 345, 416, 417]
981	[7, 8, 9, 10, 11, 12, 47, 48]
982	[39, 40, 167, 168, 169, 170, 171, 172, 224, 225, 298, 299, 339, 340, 341, 342, 346, 347]
983	[14, 15, 16, 17, 18]
984	[11, 12, 17, 18, 94, 95, 96, 97, 108, 109, 110, 111, 112, 113, 114]
985	[35, 36, 175, 176, 177, 178, 179, 180, 181, 182, 183, 184, 185, 186, 207, 208]
986	[22, 23, 75, 76, 77, 78, 79, 80, 81, 82, 83, 84]
987	[1, 2, 7, 8, 107, 108, 109, 110, 113, 114, 115, 116, 135, 136, 205, 206, 207, 208, 209]
988	[]
989	[114, 115, 172, 173, 195, 196, 197, 198, 199, 200, 201, 202, 203]
990	[]
991	[36, 37, 38, 39, 40, 41]
992	[]
993	[22, 23, 24, 59, 60, 111, 112]
994	[]
995	[36, 37, 53, 54, 55, 56, 85, 86, 108, 109, 110, 111, 112, 113, 115, 116, 117, 118, 119, 120]
996	[0, 1, 8, 9, 10, 11, 12, 15, 16, 17]
997	[278, 279, 280, 281, 282, 283, 301, 302]
998	[14, 15, 16, 17, 18, 51, 52, 80, 81]
999	[]
1000	[2, 3, 4, 5, 13, 14, 15, 16, 17, 45, 46, 77, 78, 79, 80, 81, 82, 198, 199, 200, 201, 202, 203, 204, 205, 307, 308, 339, 340, 341, 342, 343, 344]
1001	[43, 44, 49, 50]
1002	[17, 18, 110, 111, 112, 175, 176, 177, 178, 179, 180, 185, 186, 187]
1003	[13, 14, 15, 24, 25, 72, 73, 109, 110, 111, 154, 155, 156, 157, 158, 191, 192, 240, 241, 242, 243, 244, 245]
1004	[119, 120, 135, 136]
1005	[5, 6, 7, 8, 9, 10, 46, 47, 48, 49, 50, 51, 63, 64]
1006	[33, 34, 46, 47, 48, 49, 56, 57, 58, 59, 74, 75, 164, 165, 617, 618, 932, 933, 934, 935, 936, 937]
1007	[19, 20, 21, 22, 59, 60, 97, 98, 99, 100, 101, 143, 144, 145, 146, 147, 148, 154, 155]
1008	[10, 11, 12, 13, 29, 30, 91, 92, 93, 94, 95, 96, 121, 122]
1009	[14, 15, 16, 51, 52, 53, 54, 55, 78, 79, 122, 123, 382, 383]
1010	[31, 32, 40, 41, 42, 43, 44, 45, 54, 55]
1011	[4, 5, 34, 35]
1012	[18, 19, 20, 21, 22, 23, 41, 42, 56, 57, 166, 167, 168, 169, 170, 171]
1013	[0, 1, 2, 3, 4, 5]
1014	[16, 17, 41, 42, 43, 44, 45, 46]
1015	[4, 5, 33, 34, 35, 36, 37, 38, 65, 66, 97, 98, 176, 177, 178, 179, 349, 350]
1016	[156, 157, 158, 159, 160]
1017	[45, 46, 51, 52, 53, 54, 55, 60, 61, 62, 63]
1018	[34, 35, 57, 58]
1019	[3, 4, 5, 6, 7]
1020	[56, 57, 106, 107, 108, 109, 110, 111, 112, 113, 114]
1021	[12, 13, 14, 15, 16, 17, 19, 20, 29, 30]
1022	[23, 24, 25, 26, 27, 28, 41, 42]
1023	[2, 3, 147, 148, 151, 152, 166, 167, 168, 169, 170, 171]
1024	[64, 65]
1025	[57, 58, 142, 143, 155, 156, 157, 158, 159, 160, 170, 171, 172, 232, 233, 234, 235, 342, 343, 387, 388, 389, 390, 391]
1026	[63, 64, 82, 83]
1027	[]
1028	[81, 82, 83, 93, 94, 95, 96, 188, 189, 190, 217, 218, 219, 232, 233, 234, 235, 236, 237, 238, 239, 240]
1029	[51, 52, 53, 177, 178, 179, 180, 200, 201, 202, 203, 204]
1030	[58, 59, 60, 61, 62, 63, 67, 68]
1031	[]
1032	[78, 79, 82, 83, 189, 190, 191, 192, 193, 194]
1033	[84, 85, 202, 203, 379, 380, 428, 429, 430, 431, 432, 433]
1034	[1, 2, 3, 11, 12, 13, 14, 15, 23, 24, 25, 26, 27]
1035	[21, 22, 104, 105, 106, 107, 108, 109, 227, 228, 253, 254, 346, 347]
1036	[]
1037	[27, 28, 115, 116, 194, 195]
1038	[18, 19, 20, 21, 46, 47, 48, 49, 57, 58]
1039	[12, 13, 14, 15, 16, 61, 62, 122, 123, 124, 125]
1040	[42, 43, 72, 73]
1041	[113, 114]
1042	[6, 7, 111, 112, 140, 141, 142, 263, 264]
1043	[7, 8, 38, 39, 40, 41, 42, 43]
1044	[15, 16, 109, 110, 142, 143, 146, 147, 148]
1045	[66, 67, 68, 133, 134, 135, 136, 137, 138, 196, 197, 258, 259]
1046	[138, 139, 225, 226, 227, 228]
1047	[15, 16]
1048	[6, 7]
1049	[59, 60, 61, 62, 63, 89, 90, 104, 105, 139, 140]
1050	[72, 73, 74, 75, 76, 99, 100, 129, 130, 254, 255, 256, 262, 263, 264, 265, 335, 336, 337, 338]
1051	[]
1052	[7, 8, 9, 10, 11, 12, 139, 140]
1053	[37, 38, 39]
1054	[]
1055	[8, 9, 75, 76, 77, 78, 79, 80, 81, 82, 83, 84, 96, 97, 98, 99, 100, 101]
1056	[29, 30, 31, 32, 33, 34]
1057	[23, 24, 68, 69]
1058	[]
1059	[4, 5, 6, 7, 8, 69, 70, 71, 72, 105, 106, 107, 171, 172]
1060	[17, 18, 19, 20]
1061	[7, 8, 20, 21, 48, 49, 107, 108, 119, 120, 204, 205, 206, 207, 208]
1062	[17, 18, 48, 49, 53, 54, 55, 120, 121, 122, 123, 124, 225, 226, 227, 228, 247, 248, 249, 250, 251, 290, 291, 294, 295]
1063	[1, 2, 3]
1064	[]
1065	[5, 6, 7, 8, 9, 80, 81]
1066	[10, 11, 93, 94, 95, 116, 117, 125, 126, 127, 128, 129]
1067	[44, 45, 46, 47, 97, 98]
1068	[52, 53, 100, 101, 219, 220, 221, 233, 234, 353, 354, 355, 356, 382, 383, 384, 385]
1069	[14, 15, 16, 62, 63, 253, 254, 255, 256, 257, 258]
1070	[3, 4, 126, 127, 128, 129, 130, 216, 217, 249, 250, 251, 252, 253, 254]
1071	[11, 12, 13, 14, 15, 16, 17, 18, 61, 62, 185, 186, 217, 218, 219, 220, 221, 222]
1072	[7, 8, 22, 23, 24, 33, 34, 42, 43]
1073	[59, 60, 248, 249, 250, 251, 252, 253]
1074	[46, 47, 65, 66, 81, 82, 83, 84, 85, 86]
1075	[37, 38, 94, 95, 227, 228, 229, 230, 231, 232, 286, 287, 378, 379, 495, 496]
1076	[1, 2, 3, 42, 43, 145, 146, 186, 187, 188, 193, 194, 195, 196, 197, 198]
1077	[24, 25, 31, 32, 33, 34, 35, 36, 37, 77, 78]
1078	[20, 21, 92, 93, 94, 95, 109, 110, 277, 278, 293, 294, 295, 296]
1079	[35, 36, 98, 99, 108, 109, 110, 111, 124, 125, 126, 127, 128, 129, 130]
1080	[27, 28, 29, 30, 31, 32, 46, 47, 64, 65]
1081	[2, 3, 4, 5, 6, 65, 66, 127, 128, 341, 342, 573, 574, 575, 576, 577, 703, 704, 768, 769, 770, 771, 801, 802, 803, 804, 805]
1082	[8, 9, 10, 20, 21, 78, 79, 80, 81, 82, 123, 124, 125]
1083	[18, 19, 20, 21, 22, 23, 31, 32, 35, 36, 104, 105, 106, 107, 108, 115, 116]
1084	[6, 7, 79, 80, 81, 82, 176, 177, 196, 197, 198, 199, 200]
1085	[5, 6, 53, 54]
1086	[0, 1, 2, 3]
1087	[]
1088	[7, 8, 51, 52, 53, 54, 55, 56, 66, 67]
1089	[1, 2, 13, 14, 15, 26, 27, 28, 29, 86, 87, 135, 136]
1090	[120, 121]
1091	[61, 62, 63, 64, 68, 69, 123, 124, 138, 139, 140, 141, 142, 152, 153, 244, 245]
1092	[25, 26, 27, 28, 29, 30, 31]
1093	[15, 16, 17, 18, 39, 40, 41, 42, 43, 44, 45, 46, 47]
1094	[28, 29, 45, 46, 47, 48, 49, 50, 104, 105, 106, 107, 115, 116, 117, 118, 207, 208, 260, 261, 262, 263, 346, 347, 348, 349, 350, 351, 432, 433]
1095	[4, 5, 6, 7, 8, 46, 47, 142, 143]
1096	[4, 5, 6, 7, 8, 44, 45, 53, 54, 55, 56, 89, 90, 140, 141, 481, 482, 483]
1097	[64, 65, 66, 147, 148, 149]
1098	[97, 98, 133, 134, 135, 136, 137, 138]
1099	[7, 8, 10, 11, 12, 13, 14, 15]
1100	[32, 33, 34, 35, 36, 37, 184, 185, 186, 187, 188, 189]
1101	[71, 72]
1102	[22, 23, 24, 25, 26, 27, 66, 67, 73, 74, 75, 76, 80, 81, 175, 176, 177]
1103	[3, 4, 5, 6, 7, 8, 149, 150, 151, 152, 153, 154, 155]
1104	[30, 31, 39, 40, 41, 42, 43, 44]
1105	[44, 45, 74, 75, 76, 77, 78, 79, 116, 117]
1106	[73, 74, 75, 76, 77, 78, 158, 159, 160, 161, 162, 163, 164, 165, 166, 170, 171, 172, 239, 240, 262, 263, 264, 330, 331, 332, 333, 334, 335]
1107	[40, 41, 51, 52, 53, 54, 55, 69, 70, 110, 111]
1108	[15, 16, 17, 18, 19, 20]
1109	[38, 39, 60, 61, 62, 63, 76, 77, 78, 174, 175, 201, 202, 203, 204, 205, 206, 207, 208, 209, 210]
1110	[52, 53, 88, 89, 150, 151, 152, 170, 171, 172, 173, 174, 175, 176, 177]
1111	[51, 52, 98, 99, 100, 144, 145, 146, 147, 186, 187, 188, 189, 190]
1112	[126, 127, 128, 129, 130]
1113	[37, 38, 111, 112, 113, 114, 115, 116]
1114	[20, 21, 22, 23, 24]
1115	[31, 32, 38, 39]
1116	[8, 9, 14, 15, 32, 33, 34, 35, 36, 37, 38, 39, 40, 41, 51, 52, 53, 60, 61, 62, 63, 76, 77, 360, 361]
1117	[8, 9, 10, 11, 12, 54, 55, 56, 57, 58, 59, 103, 104, 133, 134, 154, 155, 156, 167, 168, 169, 170, 171, 172, 173, 174, 175]
1118	[43, 44, 57, 58, 59, 216, 217, 232, 233, 234, 235, 281, 282, 340, 341, 342, 343, 344, 354, 355]
1119	[]
1120	[55, 56, 119, 120, 125, 126]
1121	[100, 101, 102, 181, 182, 183, 184]
1122	[]
1123	[45, 46, 51, 52]
1124	[14, 15, 16, 17, 18, 19]
1125	[4, 5, 6, 7, 8, 9]
1126	[53, 54, 55, 130, 131, 289, 290, 291, 292, 293, 294, 295, 296, 297, 298, 299, 349, 350]
1127	[52, 53, 54, 167, 168, 169, 172, 173, 174, 175, 176, 205, 206, 207, 208, 232, 233, 289, 290, 304, 305, 306, 307, 308]
1128	[21, 22, 23, 24, 25, 26, 60, 61, 62, 63, 74, 75, 86, 87, 88, 89, 90, 91]
1129	[11, 12, 13, 14, 24, 25]
1130	[15, 16, 17, 18, 19, 20, 21, 22, 23]
1131	[1, 2, 3, 53, 54, 103, 104, 105, 106, 107, 108, 109, 110, 111, 229, 230]
1132	[115, 116]
1133	[]
1134	[124, 125, 126, 131, 132, 133, 134, 182, 183, 184, 185, 186, 187]
1135	[25, 26, 27, 28, 64, 65]
1136	[10, 11, 20, 21, 22, 23, 24, 161, 162]
1137	[11, 12, 13, 14, 131, 132, 133]
1138	[32, 33, 34, 35, 36, 37, 38, 39, 40, 49, 50, 51, 52, 53, 54]
1139	[20, 21, 22]
1140	[55, 56, 57, 58, 59, 60, 105, 106, 107, 108]
1141	[31, 32, 43, 44, 45, 46, 63, 64]
1142	[25, 26, 27, 28, 29, 30, 156, 157]
1143	[1, 2, 3, 46, 47, 167, 168, 235, 236, 237, 238, 239]
1144	[74, 75, 78, 79, 80, 93, 94, 190, 191, 192, 193, 326, 327]
1145	[14, 15, 16, 17, 18]
1146	[57, 58, 110, 111, 112, 113, 114, 115, 116, 117, 118]
1147	[14, 15, 25, 26, 137, 138, 139, 140, 141]
1148	[13, 14, 15, 16, 17, 18, 186, 187, 199, 200, 310, 311, 318, 319, 320, 321]
1149	[83, 84, 85, 86]
1150	[10, 11]
1151	[]
1152	[30, 31, 36, 37, 38, 39, 40, 41, 42]
1153	[31, 32, 33, 34, 35, 45, 46, 47]
1154	[2, 3, 16, 17, 18, 19, 20, 21, 22, 23, 24, 25, 29, 30, 70, 71, 79, 80, 81]
1155	[23, 24, 25, 26, 27, 28, 63, 64, 177, 178]
1156	[24, 25, 26, 27, 28, 29, 76, 77]
1157	[55, 56, 57, 58, 59, 60, 61, 62, 63, 64, 322, 323, 328, 329]
1158	[]
1159	[1, 2, 3]
1160	[]
1161	[11, 12, 66, 67]
1162	[15, 16]
1163	[39, 40, 41, 42, 43, 44]
1164	[15, 16, 24, 25, 46, 47, 48, 140, 141, 142, 257, 258, 259, 260, 261, 262, 293, 294, 295]
1165	[79, 80, 81, 82, 83]
1166	[16, 17, 18, 19, 20]
1167	[45, 46, 74, 75, 76, 77]
1168	[103, 104]
1169	[]
1170	[12, 13]
1171	[143, 144]
1172	[33, 34, 35, 66, 67]
1173	[0, 1, 2, 3, 4, 5, 6, 7, 8, 9]
1174	[26, 27, 103, 104, 105, 111, 112, 119, 120, 121, 122, 123, 124, 125, 126]
1175	[]
1176	[37, 38, 39, 40, 41]
1177	[7, 8, 25, 26, 33, 34, 35, 36, 43, 44, 45, 46, 67, 68, 69, 70, 71, 72, 73, 74, 75, 87, 88]
1178	[16, 17, 18]
1179	[84, 85, 93, 94]
1180	[9, 10, 44, 45, 46, 47, 94, 95, 96, 97, 98]
1181	[72, 73, 74, 79, 80, 81, 200, 201, 210, 211]
1182	[59, 60, 93, 94, 95, 129, 130, 371, 372, 442, 443, 444, 547, 548, 549, 550, 551, 552]
1183	[12, 13, 14, 15, 16, 17]
1184	[35, 36, 85, 86, 87, 88, 89, 90, 121, 122, 126, 127, 128, 196, 197, 205, 206, 207, 208, 209, 210, 211, 212, 316, 317]
1185	[5, 6, 66, 67, 68, 89, 90, 109, 110, 111, 112, 113, 183, 184, 185, 186]
1186	[1, 2, 21, 22, 23, 24, 25, 223, 224, 327, 328, 329, 330]
1187	[50, 51, 52, 53, 54, 55]
1188	[15, 16, 17, 129, 130, 131, 132, 133]
1189	[15, 16, 17, 18, 19, 20, 26, 27]
1190	[36, 37, 77, 78, 79]
1191	[61, 62, 63]
1192	[120, 121]
1193	[46, 47, 48, 164, 165, 180, 181, 182, 183, 184, 185]
1194	[45, 46, 47, 48, 96, 97, 98, 187, 188, 189, 190, 191, 205, 206]
1195	[36, 37, 48, 49, 50, 51, 52, 53, 54]
1196	[94, 95, 96, 97]
1197	[113, 114, 115, 116, 117, 118]
1198	[60, 61, 68, 69, 70, 71, 72, 73, 74, 75, 76, 159, 160, 161, 197, 198, 199, 200, 204, 205, 239, 240]
1199	[195, 196, 197, 198, 199, 200, 201]
1200	[39, 40, 41, 42, 43, 44, 59, 60, 61, 62]
1201	[13, 14]
1202	[4, 5, 6, 25, 26, 27, 28, 29, 30, 31, 84, 85, 86, 87, 88]
1203	[20, 21, 22, 23, 24, 25, 26, 27, 28, 120, 121, 122, 169, 170, 171, 172]
1204	[15, 16, 17, 31, 32, 33, 34, 35]
1205	[166, 167, 168, 169, 171, 172, 173, 174, 175]
1206	[25, 26, 27, 28, 29, 30, 31, 32, 33, 40, 41, 80, 81]
1207	[1, 2, 3, 4, 82, 83, 84, 85, 86, 87, 88]
1208	[2, 3, 27, 28, 29, 30, 36, 37, 38, 39, 40, 41, 43, 44, 45, 67, 68, 69, 70]
1209	[7, 8, 9, 10, 11, 47, 48]
1210	[34, 35, 83, 84]
1211	[70, 71, 76, 77, 78, 118, 119, 234, 235, 236, 237, 238, 239, 254, 255, 256, 257, 296, 297, 298, 299, 300, 301, 302, 303, 304, 305, 343, 344, 387, 388, 469, 470]
1212	[125, 126, 127, 128, 132, 133]
1213	[120, 121, 122, 123, 124, 125, 151, 152, 153, 154]
1214	[0, 1, 2, 3, 4, 5]
1215	[1, 2, 3, 39, 40, 172, 173, 211, 212, 275, 276, 277, 278, 279, 280, 281, 303, 304]
1216	[11, 12, 19, 20, 21, 22, 23, 24, 25, 26, 27, 28, 48, 49, 50, 51, 52, 53, 54, 203, 204]
1217	[26, 27, 94, 95, 237, 238, 239, 240, 241, 242]
1218	[37, 38, 39, 40, 41, 42, 43, 44, 45, 46, 47]
1219	[138, 139]
1220	[64, 65, 66, 70, 71, 119, 120, 152, 153, 154, 155, 156, 157]
1221	[49, 50]
1222	[6, 7, 8, 23, 24, 64, 65, 81, 82, 83, 84, 85, 86, 87, 88, 89]
1223	[91, 92, 93, 94, 95, 96]
1224	[]
1225	[23, 24, 25, 26, 40, 41, 85, 86, 228, 229, 290, 291, 430, 431, 432, 433, 434]
1226	[1, 2, 3, 19, 20, 21, 22, 23, 24]
1227	[40, 41, 42, 43, 44, 45, 76, 77, 78, 79, 82, 83, 84, 85]
1228	[39, 40, 41, 42, 93, 94, 168, 169, 170, 171, 172, 173, 274, 275, 280, 281]
1229	[3, 4, 5, 6, 7, 8, 14, 15]
1230	[23, 24, 25, 43, 44, 45, 46, 47, 48, 102, 103]
1231	[11, 12, 34, 35, 39, 40, 41, 172, 173, 174, 177, 178, 179, 180, 181]
1232	[17, 18, 27, 28, 80, 81, 142, 143, 144, 213, 214, 215, 216, 217, 218]
1233	[]
1234	[31, 32]
1235	[]
1236	[34, 35]
1237	[19, 20, 37, 38, 39, 40, 80, 81, 82, 83, 91, 92, 93, 94, 95]
1238	[55, 56, 57, 58, 112, 113, 114, 115, 116, 117]
1239	[27, 28, 29, 30, 31, 78, 79, 80, 175, 176]
1240	[21, 22, 47, 48, 49, 50, 168, 169]
1241	[55, 56, 137, 138, 239, 240, 261, 262, 263, 264, 265, 266, 267, 277, 278, 279, 304, 305, 413, 414, 415, 416]
1242	[73, 74, 75, 76, 77, 78, 94, 95, 160, 161, 162, 163, 164, 165, 166, 167]
1243	[41, 42, 43, 44, 45, 46, 47, 48, 49]
1244	[78, 79, 93, 94, 95, 96, 97]
1245	[44, 45]
1246	[57, 58, 101, 102, 127, 128, 129, 130, 131, 132]
1247	[25, 26, 36, 37, 84, 85, 86, 87, 88, 89]
1248	[6, 7, 8, 9, 10, 11, 12, 13, 79, 80, 81, 82, 83, 84, 94, 95]
1249	[21, 22, 23, 24, 25, 46, 47, 48]
1250	[75, 76, 94, 95]
1251	[90, 91, 147, 148, 166, 167, 173, 174, 175, 176, 177, 178, 179, 180, 181, 182]
1252	[45, 46, 47, 48, 49, 50]
1253	[107, 108, 133, 134, 135, 136, 162, 163, 166, 167, 168, 169, 204, 205, 206, 233, 234, 442, 443, 444, 445, 446, 447]
1254	[15, 16, 45, 46, 47]
1255	[]
1256	[]
1257	[20, 21, 22, 23, 24, 38, 39, 58, 59, 60, 61, 66, 67]
1258	[22, 23, 26, 27, 48, 49, 50, 51, 73, 74, 75]
1259	[61, 62, 63, 64, 79, 80, 81, 82, 120, 121]
1260	[55, 56]
1261	[0, 1, 2, 3, 4, 5, 59, 60, 61, 62, 139, 140, 215, 216, 322, 323, 377, 378, 379]
1262	[8, 9, 10, 11, 12, 34, 35, 36, 37, 218, 219]
1263	[28, 29, 30, 31]
1264	[17, 18, 70, 71, 94, 95, 279, 280, 383, 384, 385, 386, 387]
1265	[34, 35, 36, 37, 38, 113, 114, 120, 121, 122, 123, 124, 125, 159, 160]
1266	[59, 60]
1267	[]
1268	[1, 2, 24, 25, 26, 27, 28, 29, 30, 31, 32, 33, 53, 54, 55]
1269	[48, 49, 58, 59]
1270	[0, 1, 2, 3, 4, 5, 36, 37]
1271	[124, 125, 160, 161, 162, 189, 190, 191, 192, 211, 212]
1272	[147, 148]
1273	[]
1274	[15, 16, 17, 18, 19, 45, 46, 47, 48, 161, 162]
1275	[19, 20, 21, 22, 60, 61, 71, 72, 120, 121, 260, 261, 262, 263, 346, 347, 348, 349, 350]
1276	[7, 8, 14, 15, 171, 172, 173, 174, 175, 176]
1277	[]
1278	[57, 58, 105, 106]
1279	[0, 1, 2, 3, 4, 11, 12, 111, 112]
1280	[5, 6, 39, 40, 41, 60, 61, 62, 63, 109, 110]
1281	[19, 20]
1282	[0, 1, 2, 3, 4, 5, 6, 7, 8, 102, 103, 104, 164, 165, 264, 265, 321, 322, 323, 324, 833, 834, 899, 900, 983, 984, 985, 986, 988, 989, 990, 991, 992, 993, 994, 995, 996, 997]
1283	[19, 20, 21, 74, 75, 76, 77, 78]
1284	[21, 22, 24, 25, 26, 27, 28, 29, 106, 107, 195, 196, 197, 198]
1285	[71, 72, 90, 91]
1286	[1, 2, 3, 18, 19, 20, 21, 22, 23, 24, 25, 76, 77, 151, 152, 153, 297, 298, 299]
1287	[]
1288	[28, 29, 30, 31, 32]
1289	[22, 23, 31, 32, 33, 34, 35, 36, 37, 38, 39, 100, 101, 102, 412, 413]
1290	[]
1291	[27, 28, 133, 134, 135, 136]
1292	[1, 2, 3, 97, 98]
1293	[48, 49, 82, 83, 84, 85, 86, 87]
1294	[244, 245, 283, 284, 285, 286]
1295	[29, 30, 31, 32, 33, 34]
1296	[31, 32, 33]
1297	[]
1298	[13, 14, 15, 16, 17, 280, 281, 441, 442, 460, 461, 462, 463, 464, 465, 466, 467, 468, 469, 470, 588, 589, 603, 604, 623, 624]
1299	[27, 28, 94, 95, 96, 97, 98, 99, 107, 108, 109, 110, 117, 118, 119, 120]
1300	[]
1301	[97, 98, 99, 100, 101]
1302	[]
1303	[]
1304	[5, 6, 30, 31, 32, 33, 34, 35, 61, 62, 63, 95, 96]
1305	[28, 29, 105, 106, 502, 503, 562, 563, 564, 565, 699, 700, 701, 702, 731, 732, 733, 734, 735, 736, 737, 738, 739, 740, 741, 801, 802]
1306	[36, 37]
1307	[3, 4, 14, 15, 16, 17, 18, 19, 98, 99]
1308	[71, 72, 73, 74, 75, 76, 77, 78, 81, 82, 124, 125, 157, 158]
1309	[77, 78, 79, 80, 81, 99, 100, 101, 102, 103, 104, 105, 121, 122]
1310	[35, 36, 54, 55, 130, 131, 182, 183, 184]
1311	[2, 3, 11, 12, 13, 14, 96, 97, 100, 101, 102, 103, 104, 105, 161, 162, 163, 164, 165, 166, 167, 168, 169, 199, 200, 201, 202, 203]
1312	[13, 14]
1313	[11, 12, 23, 24, 25, 121, 122]
1314	[8, 9, 10, 11, 12]
1315	[174, 175]
1316	[]
1317	[198, 199, 200, 201]
1318	[58, 59, 162, 163, 300, 301, 302, 303, 304, 305]
1319	[0, 1, 2, 3, 4, 5, 35, 36, 55, 56, 217, 218]
1320	[8, 9, 10, 11, 12, 13]
1321	[38, 39]
1322	[9, 10, 11, 12, 28, 29, 30, 31, 32, 64, 65, 66, 67, 68, 69, 124, 125, 181, 182, 242, 243]
1323	[0, 1, 2, 3, 4, 5]
1324	[23, 24]
1325	[18, 19]
1326	[9, 10, 54, 55, 56, 57, 58, 69, 70, 195, 196]
1327	[26, 27, 28, 29, 30, 40, 41, 42]
1328	[29, 30, 31, 79, 80, 81, 82, 123, 124, 182, 183]
1329	[9, 10, 19, 20, 21, 22, 23, 24, 27, 28, 29]
1330	[20, 21, 38, 39]
1331	[60, 61, 97, 98, 99, 100, 101, 133, 134, 175, 176, 177]
1332	[27, 28, 29, 84, 85]
1333	[80, 81]
1334	[15, 16, 17, 18, 19]
1335	[58, 59, 60, 61, 62, 63, 64, 65, 66, 112, 113, 120, 121, 196, 197, 198, 215, 216, 217]
1336	[54, 55, 61, 62]
1337	[64, 65, 70, 71, 270, 271]
1338	[32, 33, 68, 69, 197, 198, 199, 247, 248, 249]
1339	[9, 10, 54, 55, 79, 80, 81, 177, 178]
1340	[]
1341	[30, 31, 66, 67, 88, 89]
1342	[36, 37, 109, 110, 118, 119, 120, 121, 133, 134, 135, 136, 257, 258, 259]
1343	[86, 87, 88, 97, 98, 182, 183, 184, 185, 219, 220, 221, 222, 223, 224]
1344	[32, 33, 102, 103]
1345	[18, 19, 25, 26]
1346	[16, 17, 18, 19, 94, 95, 166, 167]
1347	[55, 56, 86, 87, 114, 115]
1348	[30, 31, 32, 33, 34]
1349	[14, 15, 36, 37]
1350	[2, 3]
1351	[127, 128, 158, 159, 160, 161, 162, 163, 170, 171, 217, 218, 219, 220]
1352	[]
1353	[36, 37, 49, 50, 51, 115, 116, 117, 118, 119, 120]
1354	[6, 7, 55, 56, 57, 75, 76, 77, 78, 79, 80, 241, 242, 243, 244, 347, 348, 349]
1355	[1, 2, 3, 63, 64, 65]
1356	[40, 41, 89, 90, 91, 92]
1357	[]
1358	[85, 86]
1359	[26, 27, 28, 29, 30]
1360	[2, 3, 16, 17, 18, 19, 20, 21, 22, 23, 24, 25]
1361	[17, 18, 19, 20, 21]
1362	[49, 50, 102, 103, 104, 105, 106, 107, 110, 111]
1363	[]
1364	[13, 14, 109, 110]
1365	[100, 101]
1366	[8, 9, 10, 11, 12, 88, 89, 135, 136, 145, 146, 160, 161]
1367	[17, 18, 19, 20, 21]
1368	[]
1369	[59, 60, 96, 97, 98, 99, 100, 127, 128, 184, 185, 223, 224, 225, 226, 227, 228, 229, 230, 231, 259, 260, 261, 262, 263, 264, 265, 266]
1370	[25, 26, 27, 110, 111]
1371	[28, 29, 161, 162, 178, 179]
1372	[45, 46, 67, 68, 75, 76, 77, 78, 79, 80, 81, 150, 151, 152, 153, 154, 155, 156, 157, 158]
1373	[6, 7]
1374	[12, 13, 25, 26, 27, 28, 29]
1375	[59, 60, 67, 68, 69, 70, 71, 72, 73, 74, 75, 76]
1376	[10, 11, 12, 13, 14, 15]
1377	[6, 7, 8, 39, 40, 41, 42, 77, 78, 79, 134, 135]
1378	[4, 5, 17, 18]
1379	[71, 72]
1380	[2, 3, 9, 10, 11, 12, 13, 14]
1381	[9, 10, 15, 16, 17, 119, 120, 173, 174, 175, 176, 177, 229, 230]
1382	[17, 18, 19, 20, 21, 75, 76]
1383	[1, 2, 19, 20, 21, 22, 23, 24, 25, 26, 32, 33, 34, 35, 36, 108, 109, 110, 111, 112, 139, 140, 141, 142, 143, 144, 156, 157]
1384	[]
1385	[0, 1, 12, 13, 64, 65, 66, 132, 133, 134]
1386	[30, 31, 101, 102, 103, 104]
1387	[41, 42, 43, 44, 45, 46, 73, 74]
1388	[17, 18, 19, 20, 21, 50, 51, 146, 147]
1389	[4, 5, 6, 7, 8, 9, 27, 28, 34, 35, 36, 37, 122, 123, 124, 125, 126, 158, 159]
1390	[43, 44, 63, 64, 65, 66, 67]
1391	[2, 3]
1392	[]
1393	[24, 25, 26, 27]
1394	[60, 61]
1395	[124, 125, 126, 136, 137]
1396	[10, 11, 12, 13, 79, 80, 90, 91, 92, 93, 209, 210, 287, 288]
1397	[64, 65, 78, 79, 80, 81, 82, 83, 84, 85]
1398	[33, 34, 35, 55, 56, 62, 63, 64, 65, 66, 67, 68, 69, 70, 71]
1399	[61, 62, 63, 64, 65, 67, 68, 69, 70, 71, 72, 92, 93, 94, 95, 105, 106]
1400	[12, 13, 14, 15, 16, 17, 39, 40, 114, 115]
1401	[47, 48]
1402	[8, 9, 10, 11, 12, 20, 21]
1403	[66, 67, 68, 69, 70, 71]
1404	[33, 34, 35, 36, 37, 38, 43, 44, 69, 70, 71, 108, 109, 110, 111, 112, 113, 114, 115, 116, 117, 118, 361, 362, 386, 387, 390, 391, 392, 393, 403, 404, 425, 426, 427, 428, 429, 430, 431, 432, 433, 434, 482, 483, 484, 485, 529, 530, 531, 532, 648, 649, 653, 654, 655, 701, 702, 703, 704, 705]
1405	[147, 148, 149, 150, 162, 163]
1406	[114, 115, 116, 117, 214, 215, 216, 217, 218, 219]
1407	[]
1408	[0, 1, 2, 3, 4, 5, 6, 7, 8, 9, 59, 60, 61, 62, 161, 162, 184, 185, 186, 187, 188, 189, 282, 283, 538, 539, 540]
1409	[53, 54, 55, 56, 111, 112, 119, 120]
1410	[1, 2, 3, 30, 31, 32, 33, 34, 35, 68, 69, 70, 71, 85, 86]
1411	[40, 41, 42, 43, 44, 45, 46, 47, 60, 61, 62, 106, 107, 146, 147, 148, 149, 150, 151]
1412	[11, 12, 56, 57]
1413	[191, 192, 211, 212, 213, 214, 215, 216, 225, 226]
1414	[]
1415	[52, 53, 160, 161, 181, 182, 183, 184, 185, 186, 260, 261]
1416	[6, 7, 95, 96]
1417	[14, 15, 16, 17, 18, 19, 21, 22, 23, 24, 25, 41, 42, 43, 63, 64, 65, 66, 105, 106, 119, 120, 191, 192, 196, 197, 240, 241]
1418	[29, 30, 31, 32, 33, 34, 35, 36, 37]
1419	[63, 64, 84, 85, 86, 87, 185, 186, 238, 239, 251, 252, 253, 254, 255, 256, 257, 258, 259, 373, 374, 375]
1420	[46, 47, 48, 321, 322, 323, 324, 325, 326, 344, 345, 346, 347, 348, 349, 350, 351, 515, 516]
1421	[21, 22, 23, 24, 25, 26, 27, 199, 200, 241, 242, 342, 343, 418, 419, 420, 421, 655, 656, 682, 683, 698, 699, 700, 701, 702]
1422	[12, 13, 14, 15, 16, 17, 29, 30]
1423	[7, 8, 31, 32, 120, 121, 122, 130, 131, 132, 133, 134, 135, 251, 252, 253, 254, 255, 256, 257, 258, 259, 260, 317, 318, 319, 320, 321, 780, 781, 822, 823, 824]
1424	[12, 13, 14, 15, 16, 17]
1425	[48, 49, 50, 51]
1426	[11, 12, 13, 14, 15, 50, 51, 118, 119, 120]
1427	[21, 22, 36, 37, 38, 39, 40, 41, 42, 43, 44, 45]
1428	[1, 2, 3, 489, 490, 491, 584, 585]
1429	[11, 12]
1430	[145, 146, 158, 159, 160, 161, 224, 225, 240, 241, 587, 588, 617, 618, 619, 620, 913, 914, 915, 916]
1431	[]
1432	[17, 18, 113, 114]
1433	[]
1434	[12, 13, 14, 15, 16]
1435	[24, 25, 26, 41, 42, 43, 44, 45, 64, 65, 80, 81, 82, 93, 94, 95, 96, 97, 98, 99, 100, 101]
1436	[1, 2, 3, 12, 13, 14, 15, 130, 131, 188, 189, 335, 336]
1437	[24, 25, 39, 40, 41, 42, 43]
1438	[26, 27, 36, 37, 115, 116]
1439	[32, 33]
1440	[95, 96, 97, 98, 99, 100, 124, 125, 151, 152, 153, 154, 226, 227]
1441	[1, 2, 3, 14, 15, 16, 45, 46, 47, 48, 49, 50, 51, 108, 109, 275, 276, 277, 278, 279, 280]
1442	[]
1443	[]
1444	[22, 23, 366, 367, 434, 435, 498, 499, 626, 627, 628, 629]
1445	[52, 53, 214, 215, 216]
1446	[66, 67, 73, 74, 159, 160, 161, 162, 232, 233, 234, 317, 318, 352, 353]
1447	[2, 3, 51, 52, 162, 163]
1448	[2, 3, 193, 194, 248, 249, 250, 251, 252, 253]
1449	[29, 30]
1450	[2, 3, 4, 5]
1451	[9, 10, 28, 29]
1452	[19, 20, 39, 40]
1453	[5, 6, 7, 8, 9, 10, 35, 36, 126, 127]
1454	[94, 95, 306, 307, 356, 357]
1455	[1, 2, 3, 59, 60]
1456	[15, 16]
1457	[40, 41]
1458	[32, 33]
1459	[134, 135, 375, 376, 377, 378, 379, 418, 419, 420, 448, 449, 450, 476, 477, 510, 511, 512, 513]
1460	[79, 80, 118, 119]
1461	[14, 15, 33, 34, 35, 36, 73, 74, 89, 90, 91, 147, 148, 149, 150, 168, 169, 233, 234, 275, 276, 277, 278, 279, 280, 281, 282]
1462	[7, 8, 74, 75, 76, 95, 96]
1463	[23, 24, 33, 34, 35, 36, 37, 38, 39, 104, 105, 106, 107, 154, 155, 449, 450, 451, 452, 453, 510, 511, 652, 653, 899, 900, 901, 902, 940, 941, 942, 943, 944]
1464	[22, 23]
1465	[32, 33, 34, 35, 91, 92]
1466	[26, 27, 28, 29, 81, 82, 163, 164, 165, 166, 167]
1467	[94, 95, 96, 97, 98, 99, 176, 177]
1468	[49, 50, 58, 59, 66, 67, 88, 89]
1469	[65, 66, 67, 68, 108, 109, 110, 111, 170, 171]
1470	[38, 39, 112, 113, 114, 115, 146, 147, 154, 155, 156, 157, 158, 159]
1471	[0, 1, 2, 15, 16, 40, 41, 42, 43, 44, 45, 56, 57, 58, 59, 107, 108, 122, 123, 124, 125, 351, 352]
1472	[18, 19, 33, 34, 191, 192, 205, 206, 237, 238, 318, 319, 320, 321, 322, 323]
1473	[58, 59, 60, 180, 181, 182]
1474	[12, 13, 20, 21, 22]
1475	[130, 131, 132, 133, 134]
1476	[142, 143, 251, 252, 261, 262, 263, 264, 292, 293, 294, 295, 296, 297, 298, 364, 365, 366, 367, 368, 369, 468, 469]
1477	[5, 6, 47, 48, 115, 116, 117, 118, 119, 230, 231, 232, 233, 234, 235]
1478	[7, 8, 53, 54]
1479	[93, 94, 163, 164, 207, 208, 209, 210, 289, 290, 365, 366, 373, 374, 375, 376, 377, 378, 379, 380, 381]
1480	[31, 32, 33, 34, 35, 36, 37, 38, 39, 40, 41, 42, 75, 76, 104, 105, 106, 107, 108]
1481	[40, 41, 99, 100, 118, 119, 366, 367]
1482	[49, 50, 141, 142, 143, 144, 145, 146]
1483	[66, 67, 68, 69, 167, 168, 360, 361, 362, 363, 364, 365, 388, 389, 390, 391]
1484	[23, 24, 25, 26, 27]
1485	[5, 6, 16, 17, 18, 19, 20]
1486	[]
1487	[]
1488	[104, 105, 140, 141, 142, 143, 144, 145]
1489	[11, 12, 57, 58, 59, 70, 71, 72, 73, 74, 75, 76, 77, 78, 158, 159, 177, 178, 210, 211, 436, 437]
1490	[29, 30, 31, 32, 33, 34, 35, 36, 37, 38]
1491	[11, 12, 51, 52, 53, 54, 55, 56, 57, 58, 59, 60, 61, 89, 90, 194, 195, 196, 280, 281]
1492	[48, 49, 90, 91, 135, 136, 137, 138, 139, 140]
1493	[2, 3, 4]
1494	[85, 86, 87, 88, 104, 105, 114, 115, 116, 117, 194, 195, 196, 197, 198, 199]
1495	[30, 31, 32, 33, 34, 35, 76, 77, 82, 83, 180, 181, 182, 183, 198, 199, 221, 222, 223, 224, 265, 266]
1496	[1, 2, 3, 14, 15, 22, 23, 24, 25, 26]
1497	[53, 54, 130, 131]
1498	[1, 2, 3, 76, 77]
1499	[13, 14, 24, 25, 50, 51]
1500	[]
1501	[92, 93, 118, 119, 177, 178, 286, 287, 473, 474]
1502	[81, 82]
1503	[220, 221]
1504	[11, 12, 101, 102, 146, 147]
1505	[1, 2, 18, 19, 20, 21, 24, 25, 26, 27, 28, 106, 107, 249, 250, 251, 252, 253, 254, 255, 392, 393, 667, 668]
1506	[58, 59, 107, 108, 114, 115]
1507	[2, 3, 15, 16, 17, 18, 19, 20, 39, 40]
1508	[18, 19, 20, 21, 22]
1509	[79, 80]
1510	[17, 18, 43, 44, 45, 46, 50, 51]
1511	[94, 95, 100, 101, 102, 111, 112, 113, 114, 115, 116, 117, 118]
1512	[33, 34, 35, 36, 47, 48, 55, 56, 83, 84, 85, 126, 127, 162, 163, 164, 165, 386, 387, 388, 389, 390, 391, 453, 454, 455, 456, 604, 605, 606, 607, 672, 673, 674, 675]
1513	[95, 96, 97, 98, 99, 100]
1514	[13, 14, 52, 53, 240, 241, 242, 243, 244]
1515	[15, 16, 17, 18, 19, 20, 34, 35, 36, 37, 39, 40, 41, 42, 43]
1516	[0, 1, 2, 3, 10, 11, 12, 13, 14]
1517	[70, 71, 72, 73, 74]
1518	[19, 20, 116, 117, 118, 214, 215, 306, 307, 397, 398, 399, 400, 401, 402, 425, 426, 427, 428, 429, 430, 431, 432, 433]
1519	[89, 90]
1520	[17, 18]
1521	[1, 2, 39, 40, 41, 42, 77, 78, 79, 80, 81, 82, 83, 84, 85, 212, 213, 214, 215, 216]
1522	[32, 33]
1523	[18, 19, 20, 21, 22, 23, 39, 40]
1524	[13, 14, 15, 16, 17, 18, 81, 82, 83, 167, 168, 169, 170, 171, 172, 173, 289, 290]
1525	[76, 77]
1526	[5, 6, 7, 8, 9, 10, 132, 133, 144, 145, 146, 161, 162, 195, 196, 197, 198, 199, 200]
1527	[3, 4]
1528	[45, 46, 62, 63, 237, 238, 239, 240, 256, 257, 258, 428, 429, 509, 510]
1529	[18, 19, 28, 29, 30, 31, 32, 33, 34]
1530	[52, 53, 54, 55, 56]
1531	[29, 30, 99, 100, 101, 102, 137, 138, 139, 140]
1532	[137, 138]
1533	[29, 30]
1534	[3, 4, 5, 6, 53, 54, 55, 56, 71, 72, 73, 74, 77, 78, 196, 197, 198, 239, 240, 248, 249, 250, 251, 252, 253, 265, 266, 267]
1535	[3, 4, 5, 6, 7, 8, 30, 31, 100, 101, 175, 176, 213, 214, 215, 216, 228, 229]
1536	[200, 201, 202, 218, 219, 229, 230, 244, 245, 246, 247, 248, 277, 278, 279, 283, 284, 397, 398, 604, 605, 606, 607]
1537	[18, 19, 31, 32, 33, 34, 35, 36, 45, 46, 47, 48, 49, 92, 93, 94, 95, 96, 97]
1538	[29, 30, 61, 62]
1539	[80, 81, 114, 115, 180, 181, 182, 183]
1540	[42, 43]
1541	[0, 1, 2, 3, 4, 5, 91, 92, 206, 207]
1542	[13, 14, 101, 102, 137, 138, 139, 140, 141, 142, 143, 144, 145, 146, 223, 224, 225, 226, 294, 295, 466, 467, 468, 469, 470, 471, 521, 522, 523, 524, 525, 591, 592, 593, 594]
1543	[55, 56, 57, 58, 59, 60, 81, 82, 83, 84, 85, 86, 87]
1544	[42, 43, 66, 67, 68, 69, 70]
1545	[250, 251, 252, 253, 262, 263, 427, 428, 506, 507]
1546	[59, 60, 61, 62, 71, 72, 73, 74, 75, 76, 77, 78, 79, 84, 85, 137, 138, 139, 155, 156, 157, 189, 190, 214, 215, 240, 241, 249, 250, 284, 285, 286, 287, 288, 289]
1547	[45, 46, 68, 69, 70, 71, 160, 161, 162]
1548	[9, 10, 17, 18, 225, 226, 227, 228, 240, 241]
1549	[7, 8, 9, 10, 11, 12, 18, 19, 20, 21, 206, 207, 208, 209, 210, 211, 212, 213, 340, 341]
1550	[30, 31, 37, 38, 39, 49, 50]
1551	[1, 2, 3, 12, 13, 39, 40, 324, 325, 326, 327, 328]
1552	[16, 17, 18, 19, 35, 36, 37, 38, 39, 47, 48, 55, 56, 57, 58]
1553	[25, 26, 41, 42, 43, 64, 65, 116, 117, 118]
1554	[]
1555	[8, 9, 10, 11, 12, 13]
1556	[50, 51, 52, 53, 54, 55, 56, 85, 86, 87, 107, 108]
1557	[107, 108]
1558	[21, 22, 23, 169, 170, 354, 355, 356, 357, 358]
1559	[22, 23, 24, 25, 26]
1560	[2, 3, 24, 25, 26]
1561	[98, 99]
1562	[26, 27, 53, 54, 70, 71, 72, 241, 242, 550, 551, 554, 555, 556, 557, 622, 623, 624, 625, 626, 645, 646]
1563	[33, 34, 39, 40, 41, 42, 43, 44, 45, 46, 47]
1564	[19, 20, 56, 57, 58, 59, 60, 61]
1565	[33, 34, 35, 36, 37]
1566	[29, 30, 31, 74, 75, 142, 143, 144, 145, 146, 147, 201, 202, 203, 204, 205, 206, 207, 208, 209]
1567	[12, 13, 53, 54, 79, 80, 81, 82, 99, 100, 101, 102, 103, 104]
1568	[51, 52]
1569	[1, 2, 3, 84, 85, 86, 217, 218, 336, 337, 338, 339, 340, 341, 342, 343, 344, 345, 346, 347, 348]
1570	[8, 9]
1571	[121, 122, 123, 124, 125]
1572	[40, 41, 168, 169, 170, 230, 231, 280, 281, 282, 283, 284, 285, 286, 287, 288]
1573	[1, 2, 3, 25, 26, 43, 44, 45, 46, 170, 171, 230, 231, 285, 286, 287, 288]
1574	[68, 69, 85, 86, 87, 88, 89, 90]
1575	[48, 49, 50, 182, 183, 246, 247]
1576	[42, 43, 86, 87, 116, 117, 250, 251, 252, 253, 493, 494]
1577	[30, 31, 70, 71, 141, 142, 196, 197, 220, 221, 222, 223, 224, 225, 226]
1578	[40, 41, 42, 43, 44, 45, 46, 285, 286, 292, 293, 294, 370, 371, 503, 504]
1579	[36, 37, 38, 39, 40, 41, 42, 54, 55, 78, 79, 105, 106, 107, 108, 109, 110, 111, 121, 122, 123, 124, 125, 126, 127, 128, 129, 130, 131]
1580	[62, 63, 90, 91, 169, 170, 171, 172, 173]
1581	[4, 5, 6, 7, 8, 9, 137, 138]
1582	[28, 29, 30, 31, 106, 107]
1583	[0, 1, 2, 3, 4, 5, 6, 115, 116, 117, 118, 119, 120, 171, 172, 173, 174, 175, 194, 195]
1584	[10, 11, 12, 13, 14, 15, 16, 17, 18, 29, 30, 42, 43, 44, 405, 406]
1585	[16, 17, 18, 49, 50, 89, 90, 100, 101, 102, 103, 121, 122, 284, 285]
1586	[41, 42, 43, 88, 89, 90, 91, 168, 169, 198, 199, 200, 207, 208, 209, 210, 211, 212, 213, 214, 281, 282, 283, 284, 285, 286, 287]
1587	[4, 5, 6, 7, 8, 9, 71, 72, 84, 85, 112, 113, 251, 252]
1588	[16, 17, 18, 49, 50, 51, 52, 53, 54]
1589	[20, 21, 22, 140, 141, 197, 198, 206, 207]
1590	[43, 44, 55, 56, 57, 58, 59, 60, 158, 159]
1591	[27, 28, 61, 62, 63, 74, 75, 76, 77, 112, 113, 114, 115, 116]
1592	[64, 65, 75, 76, 77, 78, 104, 105, 491, 492, 493, 494, 495, 528, 529, 530, 531, 532, 533, 534, 535, 536]
1593	[42, 43, 50, 51, 52, 53, 54, 55, 173, 174, 175, 176, 177, 178, 222, 223, 236, 237, 238, 239, 240, 241]
1594	[79, 80, 81, 100, 101, 102, 103, 110, 111, 115, 116, 117, 121, 122]
1595	[]
1596	[11, 12, 13, 143, 144, 281, 282, 292, 293, 294]
1597	[40, 41, 228, 229, 230, 231, 232, 233, 234, 250, 251, 252, 253, 254, 255, 256]
1598	[16, 17, 18, 19, 59, 60, 155, 156, 157, 158, 159, 261, 262, 263, 264, 265, 266]
1599	[29, 30, 43, 44]
1600	[5, 6, 7, 265, 266, 291, 292, 293, 294, 469, 470, 471, 472, 609, 610, 611, 612]
1601	[49, 50, 51, 52, 53, 110, 111, 194, 195, 215, 216, 217, 218, 219, 220]
1602	[31, 32, 112, 113, 172, 173, 469, 470, 479, 480, 481, 482, 693, 694, 695, 696, 697, 698, 699, 700, 808, 809, 810, 811, 812, 813]
1603	[7, 8, 85, 86, 221, 222]
1604	[112, 113, 135, 136, 137, 138, 139, 144, 145, 260, 261, 303, 304]
1605	[79, 80, 81, 82, 83, 194, 195, 232, 233]
1606	[11, 12, 13, 14, 18, 19, 20, 21, 22, 23, 24, 25]
1607	[1, 2, 85, 86]
1608	[3, 4, 5, 6, 7, 8, 33, 34, 35, 36, 37, 81, 82, 83, 84, 85, 86]
1609	[]
1610	[41, 42, 43, 44, 45, 46, 47, 48, 49]
1611	[36, 37, 46, 47]
1612	[]
1613	[78, 79, 293, 294, 341, 342, 405, 406, 407, 426, 427, 428, 429, 430, 431, 432, 433, 434, 435]
1614	[1, 2, 3, 49, 50, 76, 77, 258, 259, 260, 261, 262, 351, 352, 353]
1615	[1, 2, 25, 26, 66, 67]
1616	[]
1617	[62, 63, 64, 65, 66]
1618	[29, 30, 42, 43, 96, 97, 98, 99, 100, 104, 105, 106, 107, 108, 109, 110, 111, 113, 114, 115, 116, 117]
1619	[20, 21, 22, 23, 24, 25, 32, 33]
1620	[2, 3, 8, 9]
1621	[50, 51, 52, 55, 56, 57, 58, 59, 60]
1622	[10, 11, 12, 13, 14, 15, 16, 17, 18, 28, 29, 54, 55, 59, 60, 61]
1623	[19, 20, 21, 22, 23, 24, 25, 26, 27]
1624	[68, 69, 70, 71]
1625	[29, 30, 31, 36, 37, 40, 41]
1626	[25, 26, 27, 28, 29, 30, 44, 45, 46, 47, 71, 72, 85, 86, 364, 365]
1627	[21, 22, 38, 39, 41, 42, 43, 44, 142, 143, 180, 181, 182, 206, 207, 282, 283]
1628	[31, 32, 33, 34, 35]
1629	[13, 14, 439, 440]
1630	[33, 34, 40, 41, 89, 90, 355, 356, 357, 375, 376]
1631	[]
1632	[]
1633	[9, 10, 25, 26]
1634	[51, 52]
1635	[0, 1, 29, 30, 31, 32, 33, 34]
1636	[0, 1, 2, 43, 44, 61, 62, 63, 64, 65, 66]
1637	[18, 19, 38, 39]
1638	[16, 17, 201, 202, 245, 246, 541, 542, 543, 544, 545, 546, 547]
1639	[26, 27, 28, 29, 30, 77, 78, 79, 80, 119, 120, 121, 122, 148, 149]
1640	[26, 27, 69, 70, 71, 72, 73, 74, 75, 76, 77, 78, 79, 80, 101, 102, 103, 104, 105]
1641	[95, 96]
1642	[47, 48, 49, 50, 51]
1643	[32, 33]
1644	[89, 90, 91, 95, 96, 107, 108, 109, 110, 111]
1645	[46, 47, 49, 50, 51, 52, 53, 54, 72, 73]
1646	[109, 110, 189, 190, 191, 278, 279, 280, 281, 355, 356, 562, 563, 564, 675, 676]
1647	[6, 7]
1648	[32, 33, 118, 119, 120, 121, 122, 123]
1649	[24, 25, 34, 35, 36, 37, 73, 74, 75, 76, 77, 78, 79, 80, 81]
1650	[24, 25, 58, 59, 64, 65, 66, 67, 68, 69]
1651	[6, 7, 21, 22]
1652	[12, 13, 14, 15, 16]
1653	[16, 17, 18, 19, 20, 21]
1654	[8, 9, 10, 11, 12, 13]
1655	[10, 11, 12, 13, 14, 53, 54, 95, 96, 97, 98, 99, 100]
1656	[35, 36]
1657	[1, 2, 3, 19, 20, 106, 107, 108, 109, 110, 111]
1658	[181, 182, 183, 184, 219, 220, 286, 287, 288, 289, 290, 291, 292, 293, 294]
1659	[7, 8, 97, 98, 99, 130, 131]
1660	[107, 108]
1661	[0, 1, 26, 27, 100, 101, 102, 103, 155, 156, 157, 254, 255, 256, 257, 258, 259, 260, 261, 262, 263, 264, 265, 266, 612, 613, 614, 615]
1662	[28, 29]
1663	[6, 7, 36, 37]
1664	[33, 34, 73, 74]
1665	[11, 12, 79, 80, 81, 82, 83, 84]
1666	[4, 5, 78, 79, 110, 111, 112, 281, 282, 318, 319]
1667	[6, 7, 57, 58, 59, 201, 202, 203, 204, 259, 260]
1668	[1, 2, 3, 88, 89, 173, 174, 175, 176, 344, 345, 723, 724, 725, 729, 730, 731, 732, 733, 734, 735]
1669	[25, 26, 31, 32, 33, 34, 35, 36, 37, 38, 39]
1670	[]
1671	[9, 10, 11, 23, 24, 83, 84, 85, 86]
1672	[26, 27, 201, 202, 203, 204, 205, 230, 231]
1673	[]
1674	[1, 2, 3, 30, 31, 67, 68, 69, 70, 71, 143, 144]
1675	[69, 70, 113, 114, 115, 116, 117, 148, 149]
1676	[74, 75, 76, 77, 150, 151]
1677	[]
1678	[21, 22]
1679	[2, 3]
1680	[36, 37, 38, 62, 63, 64, 65, 66, 139, 140, 196, 197]
1681	[2, 3, 87, 88, 126, 127, 191, 192, 193, 194, 195, 196]
1682	[89, 90, 91, 92, 93, 94]
1683	[6, 7, 107, 108, 238, 239, 272, 273, 279, 280, 281, 282, 283, 284]
1684	[]
1685	[8, 9, 10, 11, 12]
1686	[]
1687	[16, 17, 93, 94, 95, 96, 182, 183, 184, 185, 227, 228, 281, 282]
1688	[54, 55, 83, 84]
1689	[1, 2, 3, 11, 12, 13, 14, 15, 16]
1690	[27, 28, 105, 106, 137, 138, 139, 140, 141]
1691	[]
1692	[1, 2, 55, 56, 57, 73, 74]
1693	[70, 71, 72, 73]
1694	[14, 15, 16, 101, 102, 103, 104]
1695	[13, 14, 15, 16, 17, 18, 19, 20, 21]
1696	[52, 53, 54, 55, 56, 57, 100, 101, 102, 103, 104, 105]
1697	[9, 10, 42, 43, 213, 214, 215, 296, 297]
1698	[50, 51, 109, 110, 111, 112, 113, 114, 115, 116, 117]
1699	[7, 8, 65, 66, 67, 68, 69, 70, 71, 72, 73]
1700	[47, 48, 88, 89, 90, 91, 92, 93, 107, 108]
1701	[]
1702	[5, 6, 7, 14, 15, 17, 18, 19, 20, 21, 22, 36, 37]
1703	[0, 1, 2, 3, 4, 5]
1704	[0, 1, 2, 3, 4, 19, 20, 43, 44, 79, 80, 81, 82, 103, 104]
1705	[2, 3, 10, 11, 12]
1706	[51, 52]
1707	[98, 99, 150, 151, 196, 197, 198, 320, 321, 322, 323, 324]
1708	[]
1709	[23, 24, 54, 55, 56, 57, 58, 59, 65, 66]
1710	[]
1711	[4, 5, 6, 7, 8]
1712	[12, 13, 14, 15, 16, 17, 35, 36, 94, 95, 96, 97, 98, 99, 100, 101, 102]
1713	[119, 120, 176, 177, 185, 186, 265, 266, 267, 268]
1714	[11, 12, 13, 14, 15, 16]
1715	[15, 16]
1716	[30, 31, 32, 33, 112, 113, 229, 230, 239, 240, 241, 242]
1717	[68, 69, 70, 155, 156, 236, 237, 238, 239, 240, 323, 324, 344, 345, 346, 423, 424]
1718	[16, 17, 67, 68, 69, 70, 71, 72, 73, 74, 75]
1719	[17, 18, 19, 20, 21, 22, 23, 24, 25, 43, 44, 75, 76, 77]
1720	[89, 90, 124, 125]
1721	[]
1722	[90, 91, 132, 133, 148, 149, 187, 188]
1723	[52, 53, 92, 93, 128, 129, 168, 169]
1724	[154, 155, 187, 188]
1725	[41, 42, 91, 92, 93, 94, 95, 96]
1726	[26, 27]
1727	[100, 101, 135, 136, 137, 138, 182, 183]
1728	[12, 13]
1729	[7, 8, 9, 26, 27, 28, 29, 30, 31, 67, 68, 96, 97, 100, 101, 102, 103, 104]
1730	[94, 95, 188, 189, 194, 195, 196, 223, 224]
1731	[0, 1, 2, 3, 4, 5, 18, 19]
1732	[2, 3, 88, 89, 160, 161, 218, 219, 220, 246, 247, 436, 437, 438, 439, 440, 441, 442, 443, 444, 445, 446, 566, 567, 568, 569, 570, 571, 572, 573, 574, 958, 959]
1733	[]
1734	[44, 45, 46, 47, 48, 49]
1735	[24, 25, 34, 35]
1736	[44, 45]
1737	[5, 6, 7, 47, 48]
1738	[9, 10]
1739	[41, 42, 43, 44, 45, 46, 48, 49]
1740	[7, 8, 9, 10, 11, 12, 13, 14, 15, 103, 104, 122, 123, 128, 129]
1741	[25, 26]
1742	[7, 8, 104, 105, 140, 141, 142, 143, 152, 153, 154, 220, 221, 341, 342, 343, 344, 345, 346, 347, 348, 349]
1743	[1, 2, 39, 40, 41, 42, 43, 44]
1744	[11, 12, 13, 14, 15, 16, 80, 81]
1745	[43, 44]
1746	[]
1747	[0, 1, 2, 3, 4, 5, 6, 7, 8, 22, 23, 33, 34, 86, 87, 88, 89, 149, 150]
1748	[7, 8, 9, 10, 11, 12, 14, 15, 93, 94, 110, 111, 112, 113, 209, 210, 211, 212]
1749	[19, 20, 24, 25, 26]
1750	[21, 22, 23, 24, 25, 26, 97, 98, 140, 141, 186, 187]
1751	[6, 7, 22, 23]
1752	[7, 8, 24, 25, 26, 27, 28, 29, 82, 83, 84, 85]
1753	[52, 53, 60, 61, 62, 63, 171, 172, 173, 363, 364, 484, 485]
1754	[5, 6, 10, 11, 95, 96, 366, 367, 368, 369, 490, 491, 492, 493, 494, 495, 577, 578, 671, 672, 875, 876, 877, 878, 879, 880]
1755	[78, 79, 83, 84, 112, 113, 298, 299, 300, 301, 473, 474]
1756	[]
1757	[13, 14, 15, 16, 17]
1758	[51, 52, 53, 54, 55]
1759	[21, 22, 23, 24, 25, 26, 46, 47]
1760	[57, 58, 59, 60, 61, 70, 71, 75, 76]
1761	[92, 93, 211, 212]
1762	[15, 16, 128, 129]
1763	[57, 58, 62, 63, 64, 129, 130, 142, 143, 144, 145, 146, 446, 447]
1764	[]
1765	[33, 34, 35, 85, 86, 87, 88, 89, 90, 91, 92, 93]
1766	[25, 26, 60, 61, 73, 74, 75, 76, 77, 78, 96, 97, 98, 99, 263, 264, 303, 304, 426, 427]
1767	[19, 20, 66, 67, 153, 154]
1768	[9, 10]
1769	[8, 9, 28, 29, 30, 45, 46]
1770	[]
1771	[98, 99, 164, 165]
1772	[64, 65]
1773	[0, 1, 2, 3, 4, 17, 18, 19, 20]
1774	[46, 47, 99, 100, 126, 127, 128, 129]
1775	[]
1776	[0, 1, 2, 3, 4, 5, 39, 40, 127, 128, 129]
1777	[67, 68, 69]
1778	[45, 46, 140, 141, 146, 147]
1779	[16, 17, 34, 35, 36, 60, 61]
1780	[197, 198, 220, 221]
1781	[52, 53, 102, 103, 104, 105, 106, 107, 108, 109, 110, 139, 140, 154, 155, 156, 157, 158, 159, 160, 161]
1782	[100, 101, 111, 112, 129, 130, 131, 132, 133, 134]
1783	[20, 21, 22, 23, 24, 25, 42, 43]
1784	[66, 67, 68, 69, 70, 71, 72]
1785	[17, 18, 19, 20, 21, 22, 23, 47, 48, 49, 50, 51, 52, 79, 80, 81, 82]
1786	[40, 41]
1787	[204, 205]
1788	[27, 28, 29, 60, 61, 62, 63, 64, 65, 121, 122, 123, 124, 158, 159, 211, 212, 213, 214, 273, 274, 314, 315, 316, 317, 694, 695, 696, 697, 698]
1789	[23, 24, 51, 52]
1790	[12, 13, 14]
1791	[109, 110, 111, 112, 113, 114]
1792	[54, 55, 63, 64, 65, 66, 67, 200, 201, 202, 315, 316]
1793	[14, 15, 16, 17, 18]
1794	[33, 34, 74, 75, 143, 144, 241, 242, 243, 244, 245, 246]
1795	[1, 2, 3, 35, 36, 89, 90]
1796	[68, 69, 70, 71, 119, 120, 121]
1797	[30, 31, 32, 33]
1798	[33, 34, 48, 49, 50, 51, 52]
1799	[88, 89, 157, 158, 159, 180, 181, 182, 183, 205, 206, 222, 223]
1800	[49, 50, 51, 52, 53, 70, 71, 90, 91, 92, 93, 150, 151, 252, 253]
1801	[41, 42, 43, 44, 45, 46, 127, 128, 129, 130]
1802	[]
1803	[30, 31, 52, 53, 54]
1804	[49, 50, 51, 52, 53, 54]
1805	[0, 1, 2, 3, 4, 5]
1806	[49, 50]
1807	[41, 42, 139, 140, 141, 142, 143]
1808	[35, 36, 37, 38, 39, 40, 78, 79]
1809	[0, 1, 2, 3, 4, 5, 45, 46, 47, 82, 83, 84, 85, 86, 131, 132]
1810	[22, 23, 44, 45, 53, 54, 55, 56, 57, 58]
1811	[2, 3, 4, 5, 33, 34]
1812	[23, 24, 25, 26, 27, 28]
1813	[68, 69]
1814	[11, 12, 13, 14, 15, 16, 40, 41, 42, 43]
1815	[28, 29, 30, 31, 32, 33]
1816	[36, 37, 307, 308, 392, 393, 394, 395, 396, 397, 398, 399, 400]
1817	[33, 34, 35, 36, 37, 70, 71]
1818	[46, 47, 48, 49, 185, 186, 256, 257, 278, 279, 305, 306]
1819	[2, 3, 7, 8, 9, 10, 11]
1820	[4, 5, 60, 61, 75, 76, 110, 111, 112, 113, 209, 210, 211, 212]
1821	[28, 29, 89, 90]
1822	[12, 13, 14, 15, 16, 40, 41, 42]
1823	[12, 13, 14, 52, 53, 54, 55, 106, 107, 181, 182, 190, 191, 192, 193, 204, 205, 206, 207, 208, 209]
1824	[40, 41, 42, 160, 161]
1825	[13, 14, 44, 45, 46]
1826	[]
1827	[27, 28, 29, 30, 31, 32, 43, 44, 198, 199, 200]
1828	[]
1829	[18, 19, 31, 32, 33, 34, 35, 36]
1830	[13, 14, 67, 68, 122, 123, 125, 126, 127, 128, 136, 137, 138, 139, 140, 141]
1831	[22, 23, 86, 87, 88, 89]
1832	[40, 41, 42, 71, 72, 154, 155]
1833	[41, 42, 75, 76, 182, 183, 200, 201, 202, 203, 220, 221, 342, 343]
1834	[]
1835	[125, 126, 127, 128, 129]
1836	[14, 15, 16, 17, 18, 19, 46, 47, 171, 172, 173, 182, 183]
1837	[29, 30, 74, 75, 92, 93, 148, 149, 150, 151, 152, 153, 159, 160, 161, 162, 165, 166, 167, 192, 193]
1838	[61, 62, 63, 64, 76, 77, 78, 402, 403, 404, 405, 448, 449]
1839	[16, 17, 54, 55, 56, 57, 73, 74, 136, 137, 138, 139, 140, 141, 142, 143, 144]
1840	[31, 32, 33, 34, 35, 36]
1841	[1, 2, 3]
1842	[48, 49, 50, 51, 52, 53, 54, 55, 56]
1843	[16, 17, 61, 62, 100, 101]
1844	[50, 51, 52, 87, 88, 91, 92, 174, 175, 176, 177, 178, 179, 180, 181, 243, 244, 245, 246, 247]
1845	[7, 8, 9, 10, 22, 23, 37, 38, 39, 40, 122, 123, 124, 125]
1846	[15, 16, 17, 18, 19, 20]
1847	[1, 2, 143, 144, 146, 147, 148, 149, 258, 259]
1848	[34, 35, 36, 37, 38]
1849	[220, 221, 349, 350, 351, 352, 368, 369, 517, 518, 519, 520, 566, 567, 634, 635, 636, 637, 638, 639, 647, 648, 649]
1850	[56, 57, 87, 88, 89, 90, 96, 97, 152, 153]
1851	[65, 66, 156, 157, 158, 159, 160, 270, 271, 272, 273, 274, 275, 301, 302, 303, 304, 305, 306, 307]
1852	[23, 24, 25, 26, 27, 53, 54, 55, 56, 57, 58]
1853	[1, 2]
1854	[8, 9, 10, 11, 12, 13, 36, 37, 38]
1855	[20, 21, 22, 23, 66, 67, 87, 88, 94, 95, 96]
1856	[52, 53, 54, 124, 125, 169, 170, 176, 177, 178, 208, 209, 275, 276, 301, 302, 303, 304, 373, 374, 375]
1857	[15, 16, 17, 18, 138, 139, 165, 166]
1858	[19, 20, 21, 22, 23, 24, 25, 26, 63, 64]
1859	[28, 29]
1860	[34, 35, 99, 100, 106, 107, 166, 167]
1861	[9, 10, 11, 12, 21, 22, 23, 35, 36]
1862	[2, 3, 47, 48, 49, 50, 51, 52, 134, 135]
1863	[42, 43, 44, 53, 54, 74, 75, 134, 135]
1864	[31, 32, 33, 34, 35, 123, 124]
1865	[4, 5, 6, 7, 8, 13, 14, 15, 16, 17, 39, 40, 41, 42, 61, 62, 236, 237, 705, 706]
1866	[3, 4]
1867	[3, 4, 5, 28, 29]
1868	[9, 10, 87, 88, 89, 90, 91, 92]
1869	[43, 44, 118, 119, 139, 140, 141, 142, 186, 187, 188, 189, 444, 445, 446, 447, 448, 449]
1870	[2, 3]
1871	[50, 51, 72, 73, 79, 80, 81, 82, 83, 84, 85, 86, 87, 97, 98, 99]
1872	[17, 18, 19, 20, 21]
1873	[37, 38, 39, 57, 58, 59, 60, 61, 62]
1874	[8, 9, 28, 29, 30, 169, 170]
1875	[33, 34]
1876	[86, 87, 88, 89, 171, 172]
1877	[12, 13, 14, 15, 16, 17]
1878	[17, 18, 19, 20, 21, 22, 133, 134, 135]
1879	[30, 31]
1880	[15, 16, 17]
1881	[10, 11]
1882	[54, 55, 75, 76, 77, 78, 119, 120, 121, 122, 123, 142, 143, 144, 145, 146]
1883	[116, 117, 126, 127, 233, 234, 239, 240, 241, 242, 243, 244, 245, 354, 355, 422, 423]
1884	[44, 45, 46, 47, 48, 49]
1885	[14, 15, 16, 17, 18, 19, 20, 21, 22, 27, 28]
1886	[25, 26, 44, 45, 90, 91, 142, 143, 234, 235, 236, 237, 238, 239, 271, 272]
1887	[7, 8, 9, 10, 79, 80, 81, 82, 83, 84, 85, 86, 87, 88, 89, 90, 109, 110]
1888	[]
1889	[7, 8, 40, 41, 42, 68, 69, 70, 168, 169, 260, 261, 360, 361, 362, 363]
1890	[8, 9, 10, 11, 12, 13, 19, 20, 21, 22, 41, 42]
1891	[37, 38, 62, 63, 64, 65, 118, 119, 125, 126, 127, 128, 143, 144, 145, 146, 160, 161, 162, 163, 164, 165]
1892	[110, 111]
1893	[33, 34, 35, 36, 37, 38, 116, 117, 134, 135, 136]
1894	[143, 144, 146, 147, 148, 328, 329, 330, 331, 332, 333, 334, 335, 348, 349, 350, 351, 352, 353]
1895	[5, 6, 7, 37, 38, 106, 107, 283, 284]
1896	[8, 9, 36, 37, 38, 39, 44, 45, 89, 90, 91]
1897	[0, 1, 2, 3, 4, 5, 19, 20, 21]
1898	[20, 21, 41, 42, 43, 44, 45, 46, 110, 111]
1899	[95, 96, 257, 258, 331, 332, 345, 346, 347, 348, 372, 373, 374, 375, 575, 576, 592, 593, 594, 595, 596, 597, 598]
1900	[56, 57]
1901	[1, 2, 3, 11, 12, 24, 25, 76, 77, 78, 79, 102, 103, 104, 105, 106, 107, 112, 113, 114, 115, 129, 130, 131, 132, 133, 134, 135]
1902	[4, 5, 6, 7, 8, 9, 10, 33, 34]
1903	[4, 5, 6, 18, 19, 20, 21, 22, 136, 137, 170, 171]
1904	[8, 9, 10, 11, 12]
1905	[28, 29, 30, 31, 32, 33]
1906	[48, 49, 73, 74, 84, 85, 86, 87, 88, 89, 91, 92, 93, 94, 95, 96]
1907	[136, 137, 233, 234, 235, 236, 237]
1908	[2, 3, 11, 12, 13, 14, 15, 53, 54, 55, 216, 217, 286, 287, 396, 397, 398, 399]
1909	[1, 2, 3]
1910	[35, 36, 48, 49, 50, 57, 58]
1911	[14, 15, 68, 69, 70]
1912	[16, 17, 40, 41]
1913	[13, 14, 59, 60, 161, 162]
1914	[9, 10, 11, 12, 79, 80, 188, 189, 223, 224, 225, 226, 266, 267, 406, 407, 408, 409, 418, 419, 423, 424, 425, 426]
1915	[68, 69]
1916	[18, 19]
1917	[41, 42, 43, 44, 45, 46, 47, 48, 49]
1918	[4, 5, 6, 7, 8, 9, 58, 59]
1919	[8, 9, 98, 99, 100, 101, 102, 108, 109, 110, 111, 112, 113, 114, 115, 116, 123, 124, 125, 126, 127, 128, 134, 135]
1920	[1, 2, 3]
1921	[40, 41, 42, 43, 44, 45, 70, 71, 100, 101]
1922	[42, 43]
1923	[23, 24, 25, 26, 31, 32, 33, 34, 35, 62, 63, 76, 77, 78, 79, 80, 81]
1924	[47, 48, 49, 57, 58, 103, 104, 130, 131, 132, 133, 134]
1925	[1, 2, 9, 10, 11, 12, 13, 14, 31, 32, 62, 63]
1926	[1, 2]
1927	[40, 41]
1928	[27, 28, 29, 30, 31, 39, 40]
1929	[14, 15, 21, 22]
1930	[51, 52, 53, 54, 55, 56, 62, 63, 75, 76, 77, 120, 121, 122]
1931	[31, 32, 50, 51]
1932	[7, 8, 9]
1933	[24, 25, 69, 70]
1934	[134, 135]
1935	[17, 18]
1936	[]
1937	[68, 69, 70, 71, 72, 73]
1938	[14, 15]
1939	[13, 14, 38, 39, 40]
1940	[]
1941	[73, 74, 75, 85, 86, 229, 230, 231, 232, 233, 234, 235, 236, 302, 303, 304, 305]
1942	[21, 22, 23, 24, 25, 26, 27, 28, 29, 66, 67, 109, 110]
1943	[26, 27, 38, 39, 40, 135, 136, 137, 138]
1944	[97, 98, 99, 127, 128, 206, 207]
1945	[]
1946	[23, 24, 25, 26, 27]
1947	[11, 12, 13, 158, 159, 160, 161, 162, 262, 263, 307, 308, 309, 310, 315, 316, 317, 318, 319, 320, 321, 322, 323, 324, 325, 326, 327]
1948	[4, 5, 58, 59, 60, 61, 85, 86, 89, 90, 91, 92, 93, 94]
1949	[8, 9, 10, 11, 12]
1950	[57, 58]
1951	[]
1952	[55, 56]
1953	[44, 45, 68, 69, 70, 231, 232, 233, 234, 235, 236, 237, 238]
1954	[]
1955	[11, 12]
1956	[25, 26, 28, 29, 30, 31, 32, 33, 38, 39, 64, 65, 116, 117, 136, 137, 138, 139]
1957	[37, 38, 41, 42, 43]
1958	[13, 14, 59, 60]
1959	[20, 21, 22, 23, 24, 53, 54]
1960	[2, 3, 4, 5, 18, 19, 42, 43, 44]
1961	[30, 31]
1962	[28, 29, 30, 31, 32, 33, 50, 51]
1963	[8, 9, 10, 11, 12, 13, 14, 15, 18, 19, 47, 48, 49, 50, 131, 132, 133, 389, 390, 391, 392, 393, 394, 395, 396, 397, 398, 399, 400, 401, 427, 428, 521, 522, 523, 524, 540, 541, 937, 938]
1964	[23, 24, 25, 26, 27, 28, 29, 30, 31, 54, 55, 56]
1965	[19, 20, 21, 22, 23, 24, 60, 61, 99, 100, 138, 139, 140, 141]
1966	[20, 21, 49, 50, 51, 163, 164, 165, 166, 194, 195, 295, 296, 297, 298, 299]
1967	[50, 51, 125, 126, 127, 128, 145, 146, 147, 148, 149, 150, 151, 152, 153, 161, 162, 212, 213, 255, 256, 257, 258, 310, 311, 312, 313]
1968	[37, 38, 46, 47, 90, 91, 92, 93]
1969	[8, 9, 10, 11, 12, 20, 21, 334, 335]
1970	[60, 61, 62, 63, 80, 81]
1971	[23, 24, 224, 225, 226]
1972	[27, 28, 29, 30, 31, 32, 46, 47, 100, 101, 102, 136, 137, 138, 139, 173, 174, 175, 176, 177]
1973	[47, 48, 49, 50, 51, 91, 92, 93, 94, 135, 136, 137, 138, 139, 140, 141, 142, 143]
1974	[20, 21, 70, 71, 85, 86]
1975	[18, 19, 70, 71, 72, 73, 74, 124, 125]
1976	[126, 127]
1977	[76, 77, 95, 96, 162, 163, 164, 165, 166, 167]
1978	[50, 51, 52, 53, 67, 68, 112, 113, 117, 118, 119, 120, 121, 122, 268, 269, 270, 271, 349, 350, 351, 352, 353, 392, 393, 394, 395, 584, 585, 629, 630]
1979	[40, 41]
1980	[0, 1, 8, 9, 10, 11, 12, 48, 49, 104, 105, 140, 141, 142, 187, 188]
1981	[78, 79, 84, 85, 152, 153, 154, 168, 169, 182, 183]
1982	[0, 1, 2, 3, 4, 5, 13, 14, 15, 16]
1983	[41, 42, 43, 44, 45, 46]
1984	[45, 46, 51, 52]
1985	[12, 13, 14, 15, 16, 17, 18, 19, 50, 51]
1986	[]
1987	[9, 10, 52, 53, 54, 55, 56, 57, 111, 112, 113, 114]
1988	[6, 7, 8, 9, 85, 86, 89, 90, 161, 162, 163, 164, 165, 166]
1989	[22, 23, 68, 69]
1990	[13, 14, 15, 16, 17, 18, 19, 20, 21]
1991	[34, 35]
1992	[31, 32]
1993	[33, 34, 52, 53, 54, 55, 56, 57, 58, 59, 60]
1994	[1, 2, 3, 30, 31, 32, 33, 34, 35, 48, 49]
1995	[]
1996	[39, 40, 41]
1997	[60, 61, 157, 158, 159, 160, 161, 162, 163, 164, 165, 166]
1998	[]
1999	[110, 111, 147, 148, 202, 203, 245, 246, 247, 248, 249, 250, 251, 719, 720, 721, 722]
