0	[48, 49, 50, 51, 110, 111]
1	[54, 55, 56, 57]
2	[1, 2, 73, 74, 104, 105, 106, 107, 130, 131, 132, 133, 134, 135, 136, 272, 273, 274, 275]
3	[19, 20, 27, 28, 405, 406]
4	[13, 14, 46, 47, 454, 455, 456, 488, 489, 490, 491, 577, 578, 627, 628, 629, 630]
5	[35, 36, 56, 57, 60, 61, 62, 63, 99, 100, 101]
6	[]
7	[17, 18, 81, 82]
8	[38, 39]
9	[37, 38]
10	[]
11	[1, 2, 3]
12	[7, 8, 51, 52]
13	[62, 63, 81, 82, 255, 256, 257, 258, 259]
14	[]
15	[15, 16, 42, 43, 122, 123, 124]
16	[]
17	[31, 32, 42, 43, 44]
18	[3, 4]
19	[29, 30, 275, 276]
20	[28, 29]
21	[35, 36, 48, 49, 50, 51, 116, 117]
22	[8, 9, 13, 14, 135, 136]
23	[23, 24]
24	[227, 228, 229, 338, 339]
25	[20, 21, 35, 36, 46, 47, 48, 49]
26	[17, 18, 86, 87, 88, 89]
27	[61, 62]
28	[5, 6, 7, 8, 9, 10]
29	[2, 3, 51, 52, 53, 131, 132]
30	[143, 144, 168, 169, 170, 171, 216, 217, 298, 299]
31	[73, 74]
32	[21, 22, 23, 24]
33	[]
34	[45, 46, 47, 61, 62, 63, 64, 136, 137]
35	[36, 37]
36	[]
37	[]
38	[24, 25, 26, 32, 33, 34, 35, 36, 37]
39	[48, 49]
40	[40, 41, 42, 43, 107, 108, 161, 162]
41	[150, 151, 185, 186, 192, 193, 194, 195, 196, 197]
42	[]
43	[]
44	[]
45	[72, 73, 89, 90]
46	[1, 2]
47	[1, 2, 85, 86]
48	[]
49	[45, 46, 47, 48, 169, 170, 231, 232, 233, 234, 421, 422, 487, 488, 489, 648, 649, 650, 651]
50	[]
51	[]
52	[4, 5, 11, 12, 46, 47, 48]
53	[12, 13, 14, 15, 35, 36, 37, 38, 39]
54	[2, 3, 4]
55	[42, 43, 44, 45]
56	[2, 3, 144, 145, 220, 221, 590, 591, 592, 593, 594, 595, 596, 597, 651, 652, 653, 654, 674, 675, 676, 677, 678, 679, 680, 681]
57	[3, 4, 5, 61, 62, 68, 69]
58	[49, 50, 110, 111, 112, 113, 126, 127]
59	[]
60	[1, 2, 3, 8, 9, 29, 30, 31, 32, 33, 34, 35, 36, 37, 126, 127]
61	[42, 43, 55, 56, 57, 95, 96, 286, 287, 340, 341, 342]
62	[21, 22, 54, 55, 56, 67, 68, 218, 219, 220, 238, 239, 240, 241]
63	[24, 25, 69, 70]
64	[]
65	[]
66	[11, 12]
67	[67, 68]
68	[90, 91]
69	[39, 40, 41, 42]
70	[45, 46, 72, 73, 153, 154, 163, 164, 165, 175, 176]
71	[36, 37, 53, 54, 178, 179, 180, 181, 420, 421, 422, 423, 558, 559, 690, 691, 692, 693]
72	[40, 41, 42]
73	[5, 6]
74	[33, 34]
75	[276, 277, 278, 279, 280]
76	[16, 17, 30, 31, 32]
77	[97, 98, 99, 146, 147]
78	[70, 71, 72, 73]
79	[175, 176, 177, 178, 179, 180, 181, 218, 219, 220, 221, 222, 223, 224, 225]
80	[]
81	[1, 2, 3]
82	[29, 30, 192, 193, 194, 195, 196, 197, 198, 199, 276, 277, 278, 282, 283, 284, 285, 357, 358, 412, 413]
83	[]
84	[81, 82, 98, 99]
85	[24, 25, 26, 61, 62, 141, 142]
86	[11, 12, 44, 45, 46, 47, 48, 49, 50, 51, 52, 53, 54, 104, 105, 106, 265, 266]
87	[0, 1, 2, 3, 4, 5, 6, 11, 12]
88	[1, 2, 3, 49, 50]
89	[42, 43, 81, 82]
90	[122, 123]
91	[7, 8, 70, 71]
92	[31, 32, 112, 113]
93	[]
94	[57, 58, 125, 126, 127, 128, 142, 143, 144, 145, 154, 155]
95	[]
96	[40, 41, 156, 157, 158, 159, 279, 280, 281, 282, 283, 284, 285, 286]
97	[]
98	[]
99	[]
100	[]
101	[16, 17, 18, 19]
102	[136, 137]
103	[1, 2, 3, 90, 91]
104	[59, 60]
105	[0, 1, 2, 3, 4, 5, 6]
106	[58, 59, 60, 116, 117, 118, 135, 136]
107	[22, 23, 38, 39, 67, 68, 69, 70, 195, 196, 197, 198, 199, 200, 201, 202, 203, 204, 205, 277, 278, 368, 369, 372, 373, 374, 375]
108	[46, 47]
109	[50, 51]
110	[]
111	[1, 2, 18, 19, 20, 21, 75, 76, 77]
112	[36, 37]
113	[24, 25, 103, 104]
114	[0, 1, 2]
115	[]
116	[1, 2, 66, 67, 68, 69, 98, 99, 154, 155, 156, 157, 294, 295, 326, 327, 328, 329, 330, 331]
117	[15, 16]
118	[89, 90, 91, 140, 141]
119	[12, 13]
120	[6, 7, 14, 15, 79, 80, 81, 82]
121	[32, 33, 34, 35, 36, 37, 38, 39, 128, 129, 208, 209, 210, 211]
122	[14, 15, 16, 34, 35, 127, 128, 136, 137, 295, 296, 297, 298]
123	[74, 75, 193, 194, 219, 220, 221]
124	[50, 51]
125	[68, 69, 79, 80, 111, 112, 113, 114]
126	[14, 15]
127	[40, 41, 42, 43, 44, 45, 46, 47, 48, 49, 50, 51, 70, 71]
128	[33, 34, 35]
129	[23, 24]
130	[33, 34]
131	[5, 6, 7, 8, 9]
132	[44, 45, 46, 47, 78, 79]
133	[137, 138]
134	[19, 20]
135	[72, 73, 80, 81, 82, 108, 109]
136	[100, 101, 423, 424, 425, 431, 432, 433, 481, 482]
137	[27, 28, 35, 36, 37, 38, 55, 56, 290, 291]
138	[60, 61, 151, 152, 153, 154, 155, 156, 157, 158]
139	[13, 14, 15, 42, 43, 125, 126, 166, 167, 168, 169, 283, 284, 285, 286]
140	[10, 11, 12, 89, 90]
141	[49, 50]
142	[2, 3]
143	[91, 92, 135, 136, 137, 147, 148, 149, 298, 299, 300, 301]
144	[34, 35, 36, 37, 38, 39, 40, 41, 42, 43, 44, 45, 84, 85, 102, 103]
145	[94, 95]
146	[3, 4, 26, 27, 28, 29, 521, 522]
147	[23, 24, 45, 46, 47]
148	[6, 7, 8, 13, 14]
149	[57, 58, 131, 132]
150	[]
151	[]
152	[13, 14, 15, 16, 27, 28, 29, 30, 39, 40]
153	[22, 23, 39, 40]
154	[57, 58, 115, 116, 132, 133, 134, 135, 187, 188]
155	[]
156	[]
157	[21, 22, 23, 24, 35, 36, 37, 38, 52, 53]
158	[]
159	[2, 3, 4, 11, 12]
160	[21, 22, 23, 98, 99, 152, 153, 154, 155, 269, 270, 271, 272, 273, 274, 275, 276, 564, 565]
161	[2, 3, 131, 132, 147, 148, 149, 429, 430]
162	[7, 8, 9, 10, 33, 34, 59, 60, 61, 66, 67, 68]
163	[16, 17, 18, 90, 91]
164	[45, 46]
165	[]
166	[58, 59]
167	[13, 14, 59, 60, 312, 313]
168	[]
169	[7, 8]
170	[]
171	[]
172	[37, 38, 80, 81, 176, 177]
173	[62, 63, 118, 119, 130, 131, 132, 133, 189, 190, 203, 204, 205]
174	[103, 104, 156, 157]
175	[1, 2]
176	[45, 46, 47, 190, 191]
177	[]
178	[]
179	[29, 30]
180	[42, 43, 59, 60, 61, 62, 63, 64, 65, 66, 67, 82, 83]
181	[15, 16]
182	[15, 16]
183	[14, 15, 16, 17]
184	[35, 36]
185	[74, 75, 223, 224, 307, 308, 309, 348, 349]
186	[38, 39, 223, 224, 225, 323, 324, 406, 407, 408]
187	[1, 2, 3, 6, 7, 8, 31, 32]
188	[197, 198, 244, 245, 246, 247]
189	[26, 27]
190	[6, 7, 8]
191	[29, 30, 31, 32]
192	[26, 27, 28, 29]
193	[185, 186, 217, 218, 219, 220, 221, 222, 223, 224, 225]
194	[14, 15, 44, 45, 166, 167, 168, 169, 414, 415]
195	[54, 55, 56, 57, 159, 160, 216, 217]
196	[]
197	[10, 11]
198	[6, 7, 8, 9, 92, 93]
199	[88, 89]
200	[78, 79]
201	[]
202	[29, 30, 52, 53, 104, 105, 106, 149, 150]
203	[28, 29]
204	[77, 78, 107, 108]
205	[]
206	[90, 91]
207	[]
208	[19, 20, 21, 22, 23, 24, 25, 26, 27, 28, 29, 55, 56, 57, 75, 76, 77, 78, 158, 159, 160, 161, 168, 169, 170, 171, 172, 173, 187, 188, 285, 286]
209	[303, 304, 305, 306, 316, 317, 341, 342, 386, 387, 388, 429, 430, 486, 487, 488]
210	[2, 3, 73, 74]
211	[30, 31, 32, 33]
212	[50, 51, 52, 60, 61, 89, 90, 387, 388]
213	[246, 247, 432, 433, 446, 447, 471, 472, 473, 474, 836, 837, 838, 839]
214	[55, 56]
215	[23, 24]
216	[3, 4, 5, 9, 10, 57, 58, 59, 60, 87, 88]
217	[3, 4]
218	[0, 1, 2]
219	[26, 27, 89, 90, 106, 107, 352, 353, 354]
220	[65, 66, 93, 94, 95, 96, 117, 118]
221	[36, 37, 38, 39, 204, 205, 211, 212, 213]
222	[63, 64]
223	[8, 9, 10]
224	[13, 14, 15, 16, 17, 18, 19, 20, 21]
225	[43, 44, 114, 115]
226	[9, 10, 11, 39, 40, 41, 42, 238, 239, 354, 355, 356, 357, 437, 438, 439, 440]
227	[]
228	[44, 45, 46, 47, 108, 109]
229	[30, 31, 39, 40]
230	[49, 50]
231	[54, 55, 56, 126, 127, 128, 178, 179, 180, 181]
232	[91, 92]
233	[29, 30, 31, 279, 280, 330, 331]
234	[61, 62]
235	[]
236	[9, 10, 44, 45, 46, 47]
237	[47, 48, 49, 50, 51, 145, 146, 147, 148, 185, 186]
238	[25, 26, 76, 77, 89, 90, 91, 92]
239	[51, 52, 53, 243, 244]
240	[]
241	[83, 84, 85, 86]
242	[]
243	[19, 20]
244	[]
245	[4, 5, 6]
246	[31, 32, 33, 45, 46, 47, 48]
247	[43, 44, 66, 67, 161, 162, 163, 164]
248	[29, 30, 43, 44, 45, 46, 169, 170, 171, 172]
249	[1, 2, 3, 9, 10, 11, 12, 13, 14, 36, 37, 38, 44, 45, 46, 47, 115, 116]
250	[47, 48, 49, 78, 79, 80, 158, 159, 160, 161]
251	[82, 83]
252	[25, 26, 27, 65, 66, 161, 162, 182, 183, 243, 244, 245, 246]
253	[11, 12]
254	[17, 18, 22, 23, 24, 25, 81, 82]
255	[5, 6, 20, 21, 22, 23, 47, 48, 133, 134, 320, 321]
256	[50, 51, 74, 75, 136, 137, 138, 267, 268, 269, 270, 327, 328]
257	[133, 134, 135, 140, 141, 142, 160, 161]
258	[14, 15, 16, 58, 59]
259	[12, 13]
260	[106, 107, 114, 115, 183, 184, 185, 218, 219, 220, 221, 222, 223]
261	[44, 45]
262	[53, 54, 78, 79, 107, 108, 277, 278, 279, 280, 334, 335, 336, 337, 351, 352, 353, 354]
263	[101, 102, 124, 125, 126]
264	[5, 6, 7, 25, 26, 93, 94, 142, 143, 144, 145]
265	[30, 31, 99, 100, 130, 131]
266	[16, 17, 18, 19]
267	[1, 2, 3, 54, 55, 56, 120, 121, 122, 123]
268	[59, 60]
269	[116, 117]
270	[59, 60, 61]
271	[209, 210, 709, 710, 711, 712, 796, 797, 798, 799, 800, 801, 802, 803, 804, 805, 806, 807]
272	[174, 175, 260, 261, 306, 307, 308, 309]
273	[60, 61, 87, 88]
274	[24, 25, 26, 103, 104, 105, 106, 117, 118, 275, 276, 378, 379, 380, 381, 953, 954]
275	[15, 16, 30, 31]
276	[125, 126, 127, 185, 186]
277	[21, 22, 23]
278	[46, 47, 48]
279	[12, 13]
280	[1, 2, 3, 10, 11, 53, 54]
281	[1, 2, 151, 152]
282	[20, 21, 22, 23, 32, 33, 39, 40, 86, 87, 269, 270, 271, 272, 422, 423, 424, 425]
283	[]
284	[]
285	[41, 42]
286	[35, 36, 65, 66, 158, 159, 197, 198, 199, 311, 312, 420, 421, 422, 423]
287	[52, 53, 132, 133, 134, 135, 140, 141, 142, 143]
288	[10, 11, 12, 103, 104, 105, 106, 147, 148, 154, 155, 196, 197]
289	[63, 64, 65, 66, 67, 68, 100, 101, 102, 103]
290	[76, 77, 78, 79, 91, 92, 198, 199, 365, 366, 367, 368]
291	[253, 254, 266, 267]
292	[35, 36, 37, 38, 39, 40, 41, 42]
293	[0, 1, 2, 3, 4]
294	[146, 147]
295	[]
296	[60, 61, 126, 127, 128, 129, 152, 153]
297	[39, 40, 291, 292, 293, 294]
298	[]
299	[]
300	[6, 7, 8, 9, 127, 128, 129, 166, 167, 183, 184, 190, 191]
301	[15, 16, 129, 130, 131, 132, 224, 225, 266, 267, 268, 269, 270, 271, 272]
302	[50, 51, 52, 53, 97, 98, 113, 114, 436, 437, 438]
303	[1, 2]
304	[78, 79, 80, 81, 126, 127, 249, 250, 280, 281, 415, 416, 417, 418]
305	[]
306	[29, 30, 31, 32, 33, 34, 35]
307	[]
308	[14, 15, 44, 45, 147, 148, 149, 150, 151, 152]
309	[9, 10]
310	[50, 51, 75, 76]
311	[158, 159, 194, 195, 196, 197, 198, 199]
312	[]
313	[10, 11]
314	[38, 39, 40, 41, 53, 54, 55, 56, 118, 119, 120, 121]
315	[68, 69, 70, 75, 76]
316	[4, 5, 6, 56, 57, 58]
317	[38, 39, 40]
318	[61, 62, 63]
319	[73, 74]
320	[]
321	[110, 111, 148, 149, 150, 151]
322	[17, 18, 19, 56, 57, 58, 59]
323	[16, 17]
324	[35, 36, 141, 142]
325	[]
326	[36, 37]
327	[]
328	[15, 16, 17, 56, 57, 58, 59]
329	[]
330	[35, 36, 37]
331	[30, 31, 32, 33]
332	[27, 28, 29, 30]
333	[36, 37, 123, 124, 140, 141]
334	[25, 26, 27]
335	[6, 7, 134, 135, 136, 352, 353, 418, 419, 420, 421]
336	[19, 20, 21, 22, 47, 48]
337	[45, 46, 59, 60, 67, 68, 69, 70]
338	[12, 13]
339	[13, 14, 15, 16, 17, 18, 19]
340	[9, 10, 135, 136, 171, 172]
341	[]
342	[]
343	[]
344	[]
345	[0, 1, 2, 3, 4, 5, 6, 42, 43, 44, 179, 180]
346	[50, 51, 86, 87]
347	[]
348	[19, 20, 184, 185, 236, 237, 238, 419, 420, 503, 504, 507, 508, 509, 510, 789, 790, 791, 792]
349	[85, 86, 199, 200, 440, 441, 459, 460, 461, 462, 515, 516, 562, 563, 564, 565]
350	[]
351	[39, 40, 112, 113, 114, 115, 116, 117, 118, 119, 122, 123]
352	[149, 150, 163, 164, 165, 166]
353	[80, 81, 96, 97, 98, 99]
354	[]
355	[30, 31, 125, 126]
356	[20, 21, 22]
357	[]
358	[4, 5, 148, 149, 152, 153, 154, 155, 156, 157, 158]
359	[255, 256, 336, 337, 348, 349, 350, 351, 352, 353, 443, 444, 445, 446]
360	[72, 73, 76, 77]
361	[]
362	[10, 11, 34, 35, 196, 197, 198]
363	[56, 57, 58, 59, 63, 64, 150, 151, 172, 173, 174, 175, 181, 182]
364	[18, 19, 20, 31, 32]
365	[]
366	[3, 4, 23, 24, 100, 101, 102, 103]
367	[125, 126, 127, 128]
368	[93, 94, 95]
369	[]
370	[]
371	[18, 19, 20, 21, 48, 49]
372	[47, 48, 70, 71, 82, 83, 84, 85, 86, 87, 88, 89, 90]
373	[]
374	[1, 2, 26, 27, 49, 50]
375	[59, 60]
376	[8, 9, 10, 11]
377	[]
378	[31, 32, 55, 56, 69, 70]
379	[55, 56]
380	[48, 49]
381	[91, 92, 93, 94]
382	[51, 52, 56, 57, 58]
383	[11, 12, 13, 14, 40, 41, 42, 72, 73]
384	[6, 7, 8]
385	[65, 66]
386	[16, 17]
387	[56, 57]
388	[6, 7]
389	[44, 45]
390	[5, 6]
391	[2, 3, 13, 14, 15, 27, 28]
392	[]
393	[6, 7, 56, 57, 203, 204, 205, 206, 207, 208, 209, 210, 237, 238, 239, 240, 241, 242, 274, 275, 276, 277, 278, 279, 400, 401, 402, 403, 404, 405, 406, 407, 408]
394	[46, 47, 48, 49, 50]
395	[1, 2, 3]
396	[]
397	[]
398	[15, 16, 258, 259, 260, 261]
399	[14, 15, 132, 133, 134, 135, 177, 178, 238, 239, 378, 379, 877, 878, 879, 880]
400	[67, 68, 69, 70, 71, 86, 87, 215, 216, 229, 230, 231, 232]
401	[82, 83, 84, 98, 99, 100, 101]
402	[87, 88, 253, 254]
403	[21, 22, 23, 24, 66, 67, 68]
404	[104, 105, 106, 164, 165, 166, 167, 259, 260, 261, 262, 267, 268, 269]
405	[54, 55, 140, 141, 148, 149, 152, 153, 154, 155, 212, 213, 214]
406	[73, 74, 117, 118, 119]
407	[2, 3, 26, 27, 28, 29, 30, 31, 32]
408	[0, 1, 2, 3, 4, 5, 25, 26]
409	[15, 16, 17, 22, 23, 24, 25]
410	[50, 51, 65, 66, 67, 68, 69, 70, 71, 72]
411	[197, 198, 199, 227, 228, 402, 403, 404]
412	[9, 10, 82, 83, 84, 169, 170, 310, 311]
413	[17, 18, 19]
414	[44, 45]
415	[20, 21]
416	[89, 90, 179, 180, 181, 182, 347, 348]
417	[103, 104]
418	[131, 132, 147, 148, 149, 158, 159]
419	[]
420	[]
421	[20, 21, 35, 36]
422	[36, 37]
423	[30, 31, 73, 74]
424	[25, 26, 27, 28, 48, 49]
425	[0, 1, 2, 3, 4, 5, 6]
426	[30, 31, 50, 51, 52, 53, 116, 117, 118, 168, 169, 170, 171, 172, 173]
427	[]
428	[95, 96, 97]
429	[7, 8, 9, 10, 16, 17, 18, 37, 38, 39, 76, 77, 86, 87, 88, 89]
430	[20, 21]
431	[109, 110]
432	[41, 42]
433	[84, 85, 86, 94, 95, 96, 97, 98, 99, 132, 133]
434	[2, 3, 4, 5, 6, 52, 53, 119, 120]
435	[24, 25]
436	[183, 184, 220, 221, 222, 223, 224, 225, 226, 227]
437	[]
438	[3, 4, 5, 14, 15, 107, 108, 109, 110, 156, 157]
439	[10, 11, 27, 28, 29, 30, 211, 212, 213, 214, 215, 216, 217, 218, 291, 292, 435, 436, 437]
440	[10, 11, 12, 34, 35, 160, 161]
441	[]
442	[37, 38]
443	[9, 10, 14, 15, 16, 239, 240, 261, 262, 263, 264, 355, 356, 357, 358]
444	[65, 66]
445	[]
446	[1, 2]
447	[75, 76, 77, 110, 111, 112, 113, 114, 115, 268, 269, 270]
448	[14, 15]
449	[18, 19, 22, 23]
450	[289, 290, 291, 292, 449, 450, 451, 541, 542]
451	[146, 147, 165, 166, 167, 168, 174, 175]
452	[]
453	[78, 79, 80, 139, 140, 161, 162, 163, 164, 179, 180]
454	[]
455	[114, 115]
456	[19, 20]
457	[21, 22, 23, 24, 25, 26, 40, 41, 42]
458	[121, 122, 169, 170]
459	[88, 89, 127, 128, 129, 145, 146, 147, 148]
460	[60, 61, 70, 71, 93, 94, 95]
461	[]
462	[120, 121, 122]
463	[59, 60]
464	[5, 6, 9, 10]
465	[]
466	[14, 15, 50, 51, 52, 53]
467	[]
468	[63, 64, 65, 116, 117, 163, 164, 239, 240, 451, 452, 875, 876, 877, 878, 897, 898, 899]
469	[]
470	[44, 45]
471	[79, 80, 83, 84, 85, 86, 87, 88]
472	[]
473	[161, 162, 199, 200, 361, 362, 363, 364, 365, 366, 367]
474	[21, 22, 33, 34]
475	[2, 3, 4, 53, 54, 150, 151, 243, 244, 245, 246, 320, 321, 322, 323, 526, 527, 528, 529, 530, 531]
476	[5, 6]
477	[40, 41]
478	[1, 2, 14, 15, 16, 32, 33, 34, 35]
479	[5, 6, 7, 33, 34]
480	[10, 11, 12]
481	[39, 40, 41, 42, 107, 108, 123, 124, 184, 185]
482	[17, 18, 95, 96, 97, 98, 145, 146, 147, 148, 187, 188]
483	[]
484	[76, 77, 78, 133, 134]
485	[]
486	[]
487	[37, 38, 87, 88, 89, 90, 91, 92, 93, 94, 95, 96, 97, 127, 128, 129, 130]
488	[33, 34]
489	[18, 19]
490	[13, 14, 17, 18, 155, 156]
491	[257, 258, 294, 295, 296]
492	[]
493	[6, 7, 8, 9]
494	[]
495	[1, 2, 3, 71, 72, 220, 221, 222, 223, 224]
496	[5, 6, 7, 8, 35, 36, 61, 62, 95, 96, 97, 130, 131, 190, 191, 192, 193]
497	[51, 52, 53]
498	[14, 15, 16, 19, 20, 68, 69, 99, 100, 134, 135, 190, 191, 192, 193, 226, 227, 228]
499	[]
500	[18, 19, 20]
501	[1, 2, 21, 22, 23, 24, 25, 26]
502	[31, 32, 36, 37, 78, 79, 80, 169, 170, 171, 359, 360, 361, 362, 363, 364, 365, 374, 375]
503	[23, 24, 49, 50]
504	[93, 94, 95, 96]
505	[]
506	[21, 22]
507	[70, 71, 72, 73, 74, 112, 113, 116, 117, 118, 119]
508	[]
509	[35, 36, 91, 92]
510	[18, 19, 20, 108, 109, 153, 154]
511	[7, 8, 9, 10, 202, 203]
512	[13, 14, 15, 45, 46, 61, 62, 63, 64, 65]
513	[25, 26, 27]
514	[60, 61]
515	[74, 75, 76, 101, 102, 103, 104, 123, 124, 275, 276, 284, 285, 286]
516	[15, 16]
517	[32, 33, 34, 35, 95, 96, 97, 98, 99, 100, 165, 166, 167, 178, 179, 180, 181]
518	[49, 50, 82, 83, 118, 119, 120, 121, 122, 123, 124]
519	[9, 10, 89, 90, 101, 102, 103, 104]
520	[66, 67, 68, 134, 135]
521	[66, 67]
522	[]
523	[64, 65]
524	[47, 48, 154, 155]
525	[24, 25, 26, 27, 28, 29, 85, 86, 103, 104]
526	[130, 131]
527	[54, 55, 56]
528	[46, 47]
529	[40, 41]
530	[39, 40, 47, 48, 49, 50, 51, 52, 56, 57]
531	[56, 57, 58, 59]
532	[37, 38]
533	[]
534	[]
535	[14, 15, 16, 17, 18, 19]
536	[54, 55, 59, 60, 85, 86]
537	[19, 20, 21, 22, 46, 47, 70, 71]
538	[50, 51, 52]
539	[22, 23]
540	[112, 113, 114]
541	[]
542	[38, 39, 40, 113, 114, 115, 116]
543	[1, 2, 3]
544	[6, 7, 52, 53, 54, 55, 56, 57, 65, 66]
545	[37, 38]
546	[27, 28, 43, 44, 45]
547	[52, 53, 223, 224, 284, 285, 286]
548	[27, 28, 43, 44]
549	[206, 207]
550	[]
551	[10, 11, 12, 13, 19, 20, 21, 22, 125, 126, 151, 152, 153]
552	[]
553	[14, 15, 16, 17, 18, 19, 20]
554	[]
555	[]
556	[36, 37, 221, 222, 223, 373, 374, 670, 671]
557	[110, 111]
558	[63, 64]
559	[30, 31, 186, 187, 256, 257, 271, 272, 273, 577, 578, 579, 580, 581, 582, 583]
560	[]
561	[40, 41, 42, 43, 74, 75, 165, 166]
562	[62, 63, 115, 116, 117, 118]
563	[]
564	[64, 65]
565	[210, 211]
566	[]
567	[56, 57, 75, 76, 77, 78]
568	[]
569	[18, 19, 24, 25, 26, 81, 82, 83]
570	[]
571	[]
572	[92, 93, 108, 109]
573	[10, 11]
574	[39, 40, 41, 42, 177, 178, 179, 180, 248, 249, 252, 253]
575	[261, 262, 302, 303, 304, 305]
576	[]
577	[16, 17, 144, 145, 347, 348, 349]
578	[3, 4]
579	[]
580	[]
581	[4, 5, 6, 7, 73, 74, 77, 78, 244, 245]
582	[26, 27]
583	[]
584	[]
585	[14, 15, 16, 17, 18, 76, 77]
586	[109, 110]
587	[58, 59, 176, 177]
588	[51, 52, 53, 54, 134, 135, 271, 272]
589	[27, 28, 92, 93]
590	[41, 42, 48, 49]
591	[]
592	[53, 54, 55, 119, 120, 138, 139, 251, 252, 253, 254]
593	[90, 91, 92, 163, 164]
594	[]
595	[]
596	[]
597	[6, 7, 11, 12, 13]
598	[65, 66, 329, 330, 331, 332, 365, 366, 367]
599	[64, 65, 88, 89, 90, 181, 182, 201, 202, 212, 213, 214, 215]
600	[71, 72, 95, 96]
601	[23, 24, 25, 26, 27, 62, 63, 64, 65, 107, 108, 195, 196, 280, 281, 282, 283, 299, 300, 301]
602	[61, 62]
603	[]
604	[73, 74, 75, 76, 206, 207, 215, 216]
605	[]
606	[13, 14]
607	[27, 28]
608	[]
609	[]
610	[81, 82, 94, 95, 101, 102, 132, 133, 134, 135]
611	[0, 1, 98, 99, 239, 240, 241, 242, 248, 249, 250, 267, 268, 269, 270]
612	[]
613	[]
614	[21, 22]
615	[]
616	[194, 195]
617	[]
618	[23, 24, 25, 26, 57, 58, 121, 122, 198, 199, 200, 201, 462, 463, 464, 465, 466, 467, 468, 469, 470, 473, 474, 475, 476, 658, 659, 660, 681, 682, 683, 684, 685, 686, 687, 688, 712, 713, 714, 715]
619	[36, 37]
620	[1, 2, 68, 69, 70, 71, 165, 166, 167, 168, 169]
621	[18, 19, 35, 36, 37, 50, 51]
622	[39, 40]
623	[18, 19, 185, 186, 187, 188, 325, 326, 329, 330, 331, 371, 372, 373, 374, 421, 422, 423, 424, 425, 481, 482, 586, 587, 588]
624	[]
625	[88, 89, 90, 91, 137, 138, 171, 172, 435, 436, 446, 447, 448]
626	[128, 129, 175, 176]
627	[]
628	[4, 5, 6]
629	[170, 171, 172, 173]
630	[1, 2, 28, 29, 114, 115, 116, 117, 118, 217, 218, 264, 265, 266, 292, 293, 294, 295, 313, 314, 315, 316, 317, 318, 319, 320, 321, 322, 355, 356, 357, 358]
631	[34, 35, 36, 37, 38]
632	[70, 71]
633	[88, 89, 90, 91, 92, 93, 265, 266, 267]
634	[31, 32]
635	[35, 36]
636	[70, 71, 74, 75]
637	[1, 2, 33, 34, 37, 38, 39, 40, 269, 270]
638	[9, 10, 127, 128, 187, 188, 243, 244, 245, 246, 412, 413, 414, 415, 416, 417, 493, 494, 495, 496]
639	[75, 76, 122, 123, 124, 125, 245, 246]
640	[47, 48]
641	[166, 167, 168, 169]
642	[88, 89, 90, 93, 94]
643	[42, 43, 73, 74, 119, 120, 121, 122, 150, 151, 152, 153, 154, 155, 156, 157, 181, 182, 183, 184, 300, 301]
644	[21, 22, 80, 81, 84, 85, 86, 101, 102, 103, 104, 137, 138, 191, 192, 193, 311, 312, 313, 314, 315, 316, 317, 318]
645	[1, 2, 3, 49, 50, 51, 52, 53, 54, 76, 77]
646	[39, 40, 41]
647	[107, 108, 109]
648	[7, 8, 9, 10, 62, 63]
649	[19, 20, 21, 22, 55, 56, 57, 158, 159, 160, 161, 283, 284, 285, 410, 411, 529, 530, 531, 532]
650	[10, 11, 12, 13, 16, 17]
651	[20, 21, 76, 77]
652	[38, 39, 40, 41, 110, 111, 115, 116]
653	[]
654	[26, 27, 222, 223, 247, 248]
655	[14, 15, 48, 49]
656	[31, 32, 43, 44, 85, 86, 87, 88, 202, 203, 204, 205, 245, 246, 256, 257, 258]
657	[]
658	[]
659	[53, 54, 55, 56, 57, 58, 59]
660	[125, 126, 127]
661	[]
662	[39, 40, 41, 42]
663	[12, 13, 14, 69, 70]
664	[14, 15, 16, 17]
665	[130, 131, 174, 175, 250, 251]
666	[29, 30, 31, 32]
667	[29, 30, 31, 92, 93, 270, 271]
668	[3, 4, 52, 53, 76, 77, 78]
669	[86, 87, 160, 161, 162, 170, 171]
670	[2, 3, 44, 45]
671	[4, 5, 22, 23, 168, 169, 191, 192, 193]
672	[]
673	[12, 13, 137, 138]
674	[1, 2, 10, 11]
675	[181, 182, 183, 184, 187, 188, 189, 190, 232, 233, 234]
676	[4, 5, 129, 130, 131, 147, 148, 149, 211, 212, 213, 214, 215, 216, 217, 218, 537, 538, 864, 865, 939, 940]
677	[]
678	[3, 4, 5, 6, 15, 16, 17]
679	[104, 105, 106, 107, 108, 109, 121, 122, 218, 219, 321, 322, 323, 324, 897, 898, 899, 900, 932, 933]
680	[6, 7, 8, 9, 19, 20, 42, 43]
681	[49, 50]
682	[]
683	[1, 2, 3, 21, 22]
684	[41, 42]
685	[23, 24, 25, 65, 66, 130, 131, 132, 133, 187, 188]
686	[]
687	[3, 4, 54, 55]
688	[21, 22, 23, 24, 39, 40, 41, 42]
689	[12, 13, 14, 83, 84]
690	[58, 59]
691	[46, 47, 105, 106, 230, 231, 290, 291, 292, 293]
692	[58, 59]
693	[249, 250, 253, 254]
694	[9, 10, 45, 46, 47]
695	[113, 114, 160, 161]
696	[1, 2, 35, 36, 40, 41, 42, 226, 227, 228, 263, 264, 265, 266]
697	[143, 144, 145, 247, 248, 249]
698	[22, 23]
699	[31, 32, 54, 55, 56, 68, 69, 70, 71]
700	[43, 44, 75, 76, 189, 190, 265, 266, 267]
701	[110, 111]
702	[34, 35, 36, 37, 38, 53, 54]
703	[41, 42, 198, 199, 418, 419, 472, 473, 554, 555, 556, 557]
704	[18, 19]
705	[51, 52, 64, 65, 66, 67, 125, 126]
706	[79, 80, 271, 272, 323, 324, 325, 326]
707	[10, 11, 105, 106]
708	[41, 42, 43, 115, 116, 235, 236, 257, 258, 259, 260, 299, 300, 322, 323, 509, 510, 511, 512, 513]
709	[6, 7, 8, 65, 66]
710	[16, 17, 18, 19]
711	[40, 41, 42, 43, 46, 47, 173, 174, 175]
712	[21, 22, 45, 46, 265, 266]
713	[105, 106, 168, 169, 170, 171, 172, 347, 348, 386, 387, 400, 401, 402, 403, 404, 523, 524, 525, 577, 578, 579, 580, 581, 582, 583, 584, 684, 685, 686]
714	[129, 130, 142, 143, 144, 145, 207, 208, 209, 210, 314, 315, 316, 317, 318, 319, 320, 421, 422]
715	[49, 50, 51, 52, 101, 102, 142, 143]
716	[0, 1, 2, 3, 4, 5, 11, 12, 47, 48]
717	[]
718	[64, 65, 66, 80, 81, 115, 116, 117, 118, 149, 150]
719	[7, 8, 9, 10, 11, 12, 86, 87, 138, 139]
720	[1, 2, 67, 68, 114, 115, 116, 117, 140, 141, 142, 143]
721	[47, 48, 73, 74]
722	[1, 2, 3, 115, 116, 238, 239, 242, 243]
723	[]
724	[20, 21]
725	[74, 75, 76, 93, 94]
726	[31, 32, 74, 75, 93, 94, 95, 335, 336, 337, 338, 339, 454, 455, 456, 457, 458, 459, 460, 461]
727	[]
728	[118, 119]
729	[51, 52]
730	[]
731	[24, 25, 32, 33, 34]
732	[129, 130, 131, 132, 189, 190, 191, 192, 193, 194]
733	[]
734	[26, 27]
735	[29, 30, 70, 71, 252, 253, 254, 255]
736	[12, 13, 14, 15, 98, 99, 100, 101, 102, 103]
737	[46, 47, 48, 49, 50, 51, 52]
738	[11, 12]
739	[]
740	[60, 61, 68, 69, 208, 209]
741	[22, 23, 37, 38, 137, 138, 139, 140]
742	[]
743	[48, 49, 53, 54, 59, 60, 317, 318, 319, 786, 787, 788, 789, 837, 838]
744	[57, 58, 59, 128, 129, 155, 156]
745	[33, 34, 82, 83, 276, 277, 278, 279]
746	[104, 105, 112, 113]
747	[28, 29, 49, 50, 51]
748	[10, 11]
749	[]
750	[29, 30, 31]
751	[13, 14]
752	[]
753	[58, 59, 110, 111, 340, 341, 342, 343]
754	[2, 3]
755	[1, 2]
756	[25, 26, 111, 112, 113, 114]
757	[50, 51, 52]
758	[23, 24]
759	[57, 58, 88, 89, 126, 127, 365, 366, 367, 516, 517]
760	[67, 68, 69]
761	[12, 13]
762	[]
763	[44, 45, 56, 57, 58]
764	[2, 3, 4, 5, 82, 83]
765	[57, 58]
766	[]
767	[]
768	[56, 57, 193, 194, 195, 196, 197, 198, 199, 302, 303]
769	[]
770	[12, 13]
771	[1, 2, 3, 7, 8, 101, 102, 118, 119, 120, 121]
772	[32, 33, 34, 35, 36, 37, 38]
773	[]
774	[0, 1, 46, 47]
775	[32, 33, 68, 69, 89, 90]
776	[]
777	[12, 13, 14, 25, 26, 92, 93, 94, 266, 267, 325, 326, 335, 336, 337, 338]
778	[]
779	[23, 24, 79, 80]
780	[37, 38, 39, 40, 41, 42, 43, 79, 80, 81, 86, 87, 94, 95, 96, 97, 98, 99, 100, 101, 102]
781	[]
782	[]
783	[]
784	[1, 2, 19, 20, 21, 60, 61]
785	[19, 20]
786	[17, 18, 19, 20, 49, 50, 51, 52, 156, 157]
787	[40, 41, 47, 48]
788	[30, 31, 32, 33, 34, 43, 44, 45, 46, 47, 48, 60, 61, 62, 63, 77, 78, 79, 137, 138, 197, 198]
789	[15, 16, 133, 134, 135, 136, 137, 368, 369, 370, 371, 526, 527, 528, 529, 567, 568]
790	[70, 71]
791	[153, 154, 157, 158, 159, 160, 175, 176, 223, 224, 225, 226, 227, 228, 438, 439, 440, 441, 442, 443, 496, 497, 498, 499, 500]
792	[42, 43, 56, 57]
793	[50, 51]
794	[56, 57, 58, 59, 60, 61, 62, 63, 68, 69, 70, 71, 72, 73, 74, 75, 76, 99, 100, 107, 108, 313, 314]
795	[64, 65, 66, 67, 100, 101, 102, 199, 200, 262, 263, 264, 265, 271, 272, 415, 416]
796	[18, 19, 91, 92, 115, 116, 117, 118, 119, 145, 146]
797	[111, 112]
798	[43, 44, 57, 58, 87, 88, 89]
799	[170, 171, 329, 330, 331, 332]
800	[]
801	[22, 23, 24, 25]
802	[91, 92, 93, 109, 110, 149, 150, 151, 152, 153, 154, 194, 195, 196, 197, 203, 204]
803	[238, 239, 240]
804	[52, 53, 176, 177, 212, 213, 214, 295, 296]
805	[34, 35, 156, 157, 158]
806	[]
807	[53, 54, 55, 56, 140, 141]
808	[145, 146, 147, 148, 151, 152, 305, 306]
809	[68, 69, 73, 74, 75, 178, 179]
810	[]
811	[]
812	[14, 15, 16, 17, 28, 29, 30, 99, 100, 300, 301]
813	[52, 53, 54, 88, 89, 90, 164, 165]
814	[]
815	[82, 83]
816	[]
817	[]
818	[105, 106]
819	[54, 55, 353, 354, 592, 593, 954, 955]
820	[10, 11]
821	[9, 10, 70, 71]
822	[76, 77, 80, 81, 82, 83, 84, 85]
823	[27, 28, 158, 159]
824	[125, 126, 127, 128, 129, 130, 131, 132, 231, 232, 233, 295, 296, 297]
825	[74, 75, 96, 97, 180, 181, 182, 183]
826	[57, 58, 59, 60]
827	[6, 7, 8, 61, 62]
828	[1, 2, 3, 10, 11]
829	[51, 52, 53, 61, 62, 63, 64, 132, 133, 169, 170, 171]
830	[30, 31, 32]
831	[11, 12]
832	[69, 70, 183, 184, 185, 320, 321, 854, 855, 856, 857]
833	[45, 46, 137, 138, 141, 142, 143, 144, 234, 235]
834	[18, 19, 50, 51]
835	[106, 107]
836	[21, 22]
837	[22, 23]
838	[18, 19, 138, 139, 140, 141, 150, 151]
839	[240, 241, 310, 311, 452, 453, 454]
840	[1, 2, 21, 22]
841	[]
842	[49, 50, 55, 56]
843	[5, 6, 7]
844	[]
845	[47, 48]
846	[23, 24, 41, 42, 52, 53, 70, 71, 72, 73]
847	[2, 3, 63, 64, 65, 110, 111, 145, 146, 248, 249, 250, 251, 252]
848	[27, 28, 35, 36, 37, 105, 106, 135, 136, 137, 138]
849	[]
850	[]
851	[1, 2, 48, 49]
852	[9, 10]
853	[45, 46]
854	[5, 6, 7, 45, 46]
855	[1, 2, 3]
856	[100, 101]
857	[68, 69, 117, 118]
858	[]
859	[49, 50, 76, 77, 135, 136, 137, 138, 139, 140, 141, 208, 209, 210, 274, 275, 276, 277, 294, 295]
860	[101, 102]
861	[2, 3, 160, 161, 162, 258, 259, 278, 279]
862	[28, 29]
863	[40, 41, 42, 43, 148, 149, 150]
864	[11, 12]
865	[167, 168, 169, 244, 245, 246, 247, 341, 342]
866	[104, 105]
867	[]
868	[49, 50, 51, 52, 251, 252, 351, 352, 533, 534, 535, 536, 585, 586, 587, 624, 625, 876, 877, 878, 903, 904, 905, 906, 907, 908, 991, 992]
869	[17, 18]
870	[4, 5, 30, 31, 32, 33]
871	[74, 75, 130, 131, 311, 312, 313, 314, 483, 484, 485, 486, 543, 544]
872	[46, 47]
873	[119, 120, 121, 122, 123, 124, 125]
874	[]
875	[4, 5, 6, 27, 28, 42, 43, 165, 166]
876	[73, 74, 75, 76, 77, 78, 95, 96, 320, 321, 322, 323]
877	[27, 28]
878	[]
879	[65, 66, 67, 111, 112]
880	[32, 33, 57, 58, 88, 89, 90]
881	[163, 164, 328, 329, 358, 359, 684, 685]
882	[]
883	[155, 156, 187, 188, 189, 190, 246, 247, 248, 249, 250, 251]
884	[64, 65, 130, 131, 132, 141, 142, 143, 144]
885	[27, 28, 46, 47, 48, 49]
886	[]
887	[4, 5, 6, 35, 36, 37, 38]
888	[]
889	[99, 100]
890	[19, 20, 21, 22, 28, 29, 30]
891	[12, 13, 139, 140]
892	[37, 38, 104, 105, 106, 128, 129]
893	[65, 66]
894	[]
895	[80, 81, 184, 185]
896	[]
897	[]
898	[12, 13, 14, 15, 74, 75, 76, 113, 114, 115]
899	[57, 58, 85, 86, 87, 104, 105, 106, 107]
900	[]
901	[4, 5, 6, 7, 51, 52, 89, 90]
902	[130, 131, 132, 133]
903	[22, 23, 96, 97, 98, 99]
904	[0, 1, 2]
905	[]
906	[141, 142]
907	[2, 3]
908	[25, 26, 27, 28, 29, 30]
909	[12, 13, 197, 198, 199, 200, 343, 344, 372, 373, 375, 376, 377, 378, 379, 384, 385, 386, 387]
910	[1, 2, 3]
911	[67, 68, 69, 70, 113, 114, 115, 298, 299]
912	[5, 6, 7, 8, 9, 10]
913	[]
914	[]
915	[16, 17, 31, 32]
916	[105, 106, 110, 111, 112, 128, 129, 130]
917	[103, 104]
918	[37, 38, 39]
919	[]
920	[17, 18, 19, 20]
921	[28, 29]
922	[18, 19, 27, 28]
923	[1, 2, 3, 27, 28, 64, 65, 112, 113, 114, 115]
924	[51, 52, 190, 191, 225, 226]
925	[55, 56, 57]
926	[13, 14, 135, 136, 186, 187, 230, 231]
927	[]
928	[]
929	[17, 18]
930	[84, 85, 224, 225, 226, 227, 529, 530, 784, 785]
931	[98, 99]
932	[9, 10]
933	[22, 23, 29, 30, 76, 77, 78, 250, 251, 252, 253, 304, 305, 306, 307, 308, 309]
934	[3, 4, 5, 6, 28, 29]
935	[18, 19]
936	[1, 2, 215, 216, 228, 229, 230, 231]
937	[13, 14, 15, 16]
938	[35, 36, 37, 38, 56, 57, 90, 91, 92, 117, 118]
939	[33, 34]
940	[]
941	[]
942	[78, 79]
943	[]
944	[25, 26, 27, 28, 29, 39, 40, 44, 45, 46, 54, 55, 56]
945	[]
946	[]
947	[39, 40, 41, 72, 73]
948	[46, 47]
949	[19, 20]
950	[]
951	[]
952	[5, 6]
953	[39, 40, 41, 56, 57]
954	[107, 108, 124, 125, 190, 191, 192, 193, 259, 260]
955	[]
956	[]
957	[]
958	[48, 49, 50, 51, 52, 53, 54, 112, 113, 133, 134]
959	[20, 21, 22, 23, 49, 50, 83, 84, 85]
960	[17, 18, 19, 20, 21, 22, 23]
961	[42, 43, 56, 57, 58, 59, 263, 264, 265, 266, 326, 327, 339, 340, 341, 342, 491, 492, 493, 494, 495, 496, 497, 498, 613, 614]
962	[23, 24, 72, 73]
963	[9, 10, 11, 12, 32, 33, 41, 42, 43, 44, 45, 46, 47, 48]
964	[]
965	[63, 64, 119, 120, 223, 224]
966	[143, 144, 150, 151, 152, 153, 167, 168]
967	[9, 10, 119, 120, 121, 122, 176, 177]
968	[5, 6, 94, 95]
969	[]
970	[13, 14, 15, 37, 38, 117, 118, 119, 169, 170, 191, 192, 193, 194]
971	[5, 6, 79, 80, 95, 96, 97]
972	[1, 2, 3, 27, 28, 42, 43]
973	[55, 56]
974	[97, 98, 254, 255]
975	[31, 32, 83, 84, 85, 94, 95, 103, 104]
976	[0, 1, 2, 30, 31, 82, 83, 155, 156, 157, 158]
977	[2, 3, 4, 5]
978	[14, 15, 16, 17, 27, 28]
979	[]
980	[19, 20, 133, 134, 234, 235, 342, 343, 344, 345]
981	[47, 48]
982	[39, 40, 224, 225, 298, 299, 339, 340, 341, 342, 346, 347]
983	[]
984	[11, 12, 17, 18, 94, 95, 96, 97, 108, 109, 110, 111, 112, 113, 114]
985	[35, 36, 175, 176, 177, 178, 179, 180, 181, 182, 183, 184, 185, 186, 207, 208]
986	[22, 23]
987	[1, 2, 107, 108, 109, 110, 113, 114, 115, 116]
988	[]
989	[114, 115, 172, 173, 202, 203]
990	[]
991	[]
992	[]
993	[22, 23, 24, 111, 112]
994	[]
995	[53, 54, 55, 56, 85, 86, 115, 116, 117, 118, 119, 120]
996	[0, 1, 15, 16, 17]
997	[301, 302]
998	[51, 52, 80, 81]
999	[]
1000	[2, 3, 4, 5, 13, 14, 15, 16, 17, 45, 46, 77, 78, 79, 80, 81, 82, 198, 199, 200, 201, 202, 203, 204, 205, 307, 308]
1001	[43, 44]
1002	[17, 18, 110, 111, 112, 185, 186, 187]
1003	[13, 14, 15, 24, 25, 72, 73, 109, 110, 111, 191, 192]
1004	[135, 136]
1005	[46, 47, 48, 49, 50, 51]
1006	[46, 47, 48, 49, 56, 57, 58, 59, 74, 75, 164, 165, 617, 618]
1007	[19, 20, 21, 22, 59, 60, 97, 98, 99, 100, 101]
1008	[10, 11, 12, 13, 29, 30]
1009	[14, 15, 16, 78, 79, 122, 123, 382, 383]
1010	[31, 32, 40, 41, 42, 43, 44, 45, 54, 55]
1011	[4, 5, 34, 35]
1012	[41, 42, 56, 57, 166, 167, 168, 169, 170, 171]
1013	[]
1014	[16, 17]
1015	[4, 5, 65, 66, 97, 98, 176, 177, 178, 179, 349, 350]
1016	[]
1017	[45, 46, 51, 52, 53, 54, 55, 60, 61, 62, 63]
1018	[]
1019	[]
1020	[56, 57, 113, 114]
1021	[19, 20]
1022	[41, 42]
1023	[147, 148, 151, 152]
1024	[64, 65]
1025	[142, 143, 155, 156, 157, 158, 159, 160, 170, 171, 172, 232, 233, 234, 235, 342, 343]
1026	[63, 64]
1027	[]
1028	[81, 82, 83, 93, 94, 95, 96, 188, 189, 190, 217, 218, 219, 239, 240]
1029	[51, 52, 53, 177, 178, 179, 180]
1030	[58, 59, 60, 61, 62, 63]
1031	[]
1032	[78, 79, 82, 83]
1033	[84, 85, 202, 203]
1034	[1, 2, 3, 25, 26]
1035	[21, 22, 227, 228, 346, 347]
1036	[]
1037	[27, 28, 115, 116]
1038	[18, 19, 20, 21, 46, 47, 48, 49, 57, 58]
1039	[61, 62, 122, 123, 124, 125]
1040	[72, 73]
1041	[113, 114]
1042	[6, 7, 111, 112, 140, 141, 142, 263, 264]
1043	[7, 8]
1044	[15, 16, 142, 143, 146, 147, 148]
1045	[66, 67, 68, 196, 197, 258, 259]
1046	[138, 139, 225, 226, 227, 228]
1047	[]
1048	[]
1049	[59, 60, 61, 62, 63, 89, 90, 104, 105, 139, 140]
1050	[129, 130, 254, 255, 256, 262, 263, 264, 265, 335, 336, 337, 338]
1051	[]
1052	[]
1053	[37, 38, 39]
1054	[]
1055	[8, 9, 78, 79, 80, 81, 82, 83, 84]
1056	[]
1057	[23, 24, 68, 69]
1058	[]
1059	[69, 70, 71, 72, 105, 106, 107, 171, 172]
1060	[17, 18, 19, 20]
1061	[7, 8, 20, 21, 48, 49, 107, 108]
1062	[17, 18, 48, 49, 53, 54, 55, 120, 121, 122, 123, 124, 225, 226, 227, 228, 247, 248, 249, 250, 251, 294, 295]
1063	[1, 2, 3]
1064	[]
1065	[7, 8, 9, 80, 81]
1066	[10, 11, 93, 94, 95, 116, 117, 125, 126, 127, 128, 129]
1067	[44, 45, 46, 47, 97, 98]
1068	[52, 53, 100, 101, 219, 220, 221, 233, 234, 353, 354, 355, 356, 382, 383, 384, 385]
1069	[14, 15, 16, 62, 63]
1070	[3, 4, 216, 217]
1071	[11, 12, 13, 14, 15, 16, 17, 18, 61, 62, 185, 186]
1072	[7, 8, 22, 23, 24, 33, 34, 42, 43]
1073	[59, 60]
1074	[46, 47]
1075	[37, 38, 94, 95, 378, 379, 495, 496]
1076	[1, 2, 3, 145, 146, 186, 187, 188]
1077	[24, 25, 31, 32, 33, 34, 35, 36, 37]
1078	[20, 21, 92, 93, 94, 95, 277, 278, 293, 294, 295, 296]
1079	[35, 36, 98, 99, 108, 109, 110, 111, 124, 125, 126, 127, 128, 129, 130]
1080	[27, 28, 29, 30, 31, 32, 64, 65]
1081	[2, 3, 4, 65, 66, 127, 128, 341, 342, 573, 574, 575, 576, 577, 703, 704, 768, 769, 770, 771]
1082	[8, 9, 10, 123, 124, 125]
1083	[31, 32, 35, 36]
1084	[6, 7, 79, 80, 81, 82, 176, 177]
1085	[5, 6, 53, 54]
1086	[0, 1, 2]
1087	[]
1088	[7, 8, 66, 67]
1089	[1, 2, 13, 14, 15, 26, 27, 28, 29, 86, 87]
1090	[120, 121]
1091	[61, 62, 63, 64, 123, 124, 152, 153]
1092	[25, 26, 27, 28, 29, 30, 31]
1093	[15, 16, 17, 18, 46, 47]
1094	[28, 29, 104, 105, 106, 107, 115, 116, 117, 118, 207, 208, 260, 261, 262, 263, 346, 347, 348, 349, 350, 351, 432, 433]
1095	[46, 47, 142, 143]
1096	[44, 45, 53, 54, 55, 56, 140, 141, 481, 482, 483]
1097	[64, 65, 66, 147, 148, 149]
1098	[97, 98]
1099	[7, 8]
1100	[32, 33, 34, 35, 36, 37]
1101	[71, 72]
1102	[66, 67, 73, 74, 75, 76, 175, 176, 177]
1103	[149, 150, 151, 152, 153, 154, 155]
1104	[30, 31]
1105	[116, 117]
1106	[165, 166, 170, 171, 172, 262, 263, 264]
1107	[40, 41, 69, 70]
1108	[]
1109	[38, 39, 60, 61, 62, 63, 76, 77, 78, 174, 175]
1110	[88, 89, 150, 151, 152]
1111	[51, 52, 98, 99, 100, 144, 145, 146, 147]
1112	[]
1113	[]
1114	[]
1115	[31, 32, 38, 39]
1116	[8, 9, 32, 33, 34, 35, 36, 37, 38, 39, 40, 41, 51, 52, 53, 60, 61, 62, 63, 76, 77, 360, 361]
1117	[103, 104, 133, 134, 154, 155, 156, 167, 168, 169, 170, 171, 172, 173, 174, 175]
1118	[57, 58, 59, 216, 217, 232, 233, 234, 235, 281, 282, 354, 355]
1119	[]
1120	[55, 56, 119, 120, 125, 126]
1121	[100, 101, 102, 181, 182, 183, 184]
1122	[]
1123	[45, 46, 51, 52]
1124	[]
1125	[]
1126	[53, 54, 55, 130, 131, 289, 290, 291, 292, 293, 294, 295, 296, 297, 298, 299, 349, 350]
1127	[52, 53, 54, 167, 168, 169, 174, 175, 176, 205, 206, 207, 208, 232, 233]
1128	[60, 61, 62, 63, 74, 75, 86, 87, 88, 89, 90, 91]
1129	[11, 12, 13, 14, 24, 25]
1130	[]
1131	[1, 2, 3, 53, 54, 110, 111, 229, 230]
1132	[115, 116]
1133	[]
1134	[124, 125, 126, 131, 132, 133, 134]
1135	[25, 26, 27, 28, 64, 65]
1136	[10, 11]
1137	[11, 12, 13, 14, 131, 132, 133]
1138	[39, 40]
1139	[20, 21, 22]
1140	[105, 106, 107, 108]
1141	[31, 32, 43, 44, 45, 46, 63, 64]
1142	[156, 157]
1143	[1, 2, 3, 46, 47]
1144	[74, 75, 78, 79, 80, 93, 94, 190, 191, 192, 193, 326, 327]
1145	[14, 15, 16, 17, 18]
1146	[57, 58, 117, 118]
1147	[14, 15, 25, 26]
1148	[186, 187, 199, 200, 310, 311, 318, 319, 320, 321]
1149	[83, 84, 85, 86]
1150	[]
1151	[]
1152	[30, 31]
1153	[45, 46, 47]
1154	[29, 30, 70, 71, 79, 80, 81]
1155	[63, 64, 177, 178]
1156	[76, 77]
1157	[322, 323, 328, 329]
1158	[]
1159	[1, 2, 3]
1160	[]
1161	[11, 12]
1162	[]
1163	[]
1164	[24, 25, 46, 47, 48, 140, 141, 142, 293, 294, 295]
1165	[]
1166	[]
1167	[45, 46, 74, 75, 76, 77]
1168	[103, 104]
1169	[]
1170	[12, 13]
1171	[]
1172	[33, 34, 35, 66, 67]
1173	[]
1174	[26, 27, 103, 104, 105, 119, 120, 121, 122, 123, 124, 125, 126]
1175	[]
1176	[]
1177	[7, 8, 25, 26, 33, 34, 35, 36, 43, 44, 45, 46, 74, 75, 87, 88]
1178	[16, 17, 18]
1179	[84, 85, 93, 94]
1180	[9, 10, 44, 45, 46, 47]
1181	[72, 73, 74, 79, 80, 81, 210, 211]
1182	[93, 94, 95, 129, 130, 371, 372, 442, 443, 444]
1183	[]
1184	[35, 36, 126, 127, 128, 196, 197, 205, 206, 207, 208, 209, 210, 211, 212, 316, 317]
1185	[5, 6, 66, 67, 68, 89, 90, 109, 110, 111, 112, 113, 183, 184, 185, 186]
1186	[1, 2, 223, 224, 327, 328, 329, 330]
1187	[]
1188	[15, 16, 17]
1189	[26, 27]
1190	[36, 37, 77, 78, 79]
1191	[61, 62, 63]
1192	[120, 121]
1193	[46, 47, 48, 164, 165]
1194	[45, 46, 47, 48, 96, 97, 98, 205, 206]
1195	[36, 37]
1196	[94, 95, 96, 97]
1197	[]
1198	[60, 61, 75, 76, 159, 160, 161, 197, 198, 199, 200, 239, 240]
1199	[195, 196, 197, 198, 199, 200, 201]
1200	[59, 60, 61, 62]
1201	[]
1202	[4, 5, 6, 25, 26, 27, 28, 29, 30, 31]
1203	[27, 28, 120, 121, 122, 169, 170, 171, 172]
1204	[15, 16, 17]
1205	[166, 167, 168, 169]
1206	[32, 33, 40, 41, 80, 81]
1207	[1, 2, 3, 4]
1208	[2, 3, 27, 28, 29, 30, 43, 44, 45, 67, 68, 69, 70]
1209	[]
1210	[34, 35, 83, 84]
1211	[70, 71, 76, 77, 78, 118, 119, 254, 255, 256, 257, 469, 470]
1212	[125, 126, 127, 128]
1213	[151, 152, 153, 154]
1214	[]
1215	[1, 2, 3, 39, 40, 172, 173, 211, 212, 275, 276, 277, 278, 279, 280, 281]
1216	[19, 20, 21, 22, 23, 203, 204]
1217	[26, 27, 94, 95]
1218	[37, 38, 39, 40, 41, 42, 43, 44, 45, 46, 47]
1219	[138, 139]
1220	[64, 65, 66, 70, 71, 119, 120]
1221	[49, 50]
1222	[6, 7, 8, 23, 24, 64, 65, 88, 89]
1223	[]
1224	[]
1225	[23, 24, 25, 26, 85, 86, 228, 229, 290, 291, 430, 431, 432, 433, 434]
1226	[1, 2, 3]
1227	[76, 77, 78, 79, 82, 83, 84, 85]
1228	[39, 40, 41, 42, 93, 94, 274, 275]
1229	[14, 15]
1230	[23, 24, 25, 102, 103]
1231	[11, 12, 34, 35, 39, 40, 41, 172, 173, 174]
1232	[17, 18, 27, 28, 80, 81, 142, 143, 144]
1233	[]
1234	[31, 32]
1235	[]
1236	[34, 35]
1237	[19, 20, 37, 38, 39, 40, 80, 81, 82, 83]
1238	[55, 56, 57, 58]
1239	[78, 79, 80, 175, 176]
1240	[21, 22, 47, 48, 49, 50, 168, 169]
1241	[55, 56, 137, 138, 239, 240, 261, 262, 263, 264, 265, 266, 267, 277, 278, 279, 304, 305, 413, 414, 415, 416]
1242	[94, 95, 160, 161, 162, 163, 164, 165, 166, 167]
1243	[]
1244	[78, 79]
1245	[44, 45]
1246	[57, 58, 101, 102]
1247	[36, 37]
1248	[6, 7, 8, 9, 10, 11, 12, 13, 79, 80, 81, 82, 83, 84, 94, 95]
1249	[46, 47, 48]
1250	[75, 76]
1251	[90, 91, 147, 148, 166, 167]
1252	[]
1253	[107, 108, 133, 134, 135, 136, 162, 163, 166, 167, 168, 169, 204, 205, 206, 233, 234]
1254	[45, 46, 47]
1255	[]
1256	[]
1257	[38, 39, 58, 59, 60, 61, 66, 67]
1258	[22, 23, 26, 27, 48, 49, 50, 51, 73, 74, 75]
1259	[61, 62, 63, 64, 79, 80, 81, 82]
1260	[55, 56]
1261	[59, 60, 61, 62, 139, 140, 377, 378, 379]
1262	[34, 35, 36, 37, 218, 219]
1263	[28, 29, 30, 31]
1264	[17, 18, 70, 71, 94, 95, 279, 280]
1265	[36, 37, 113, 114, 120, 121, 122, 123, 124, 125]
1266	[59, 60]
1267	[]
1268	[1, 2, 24, 25, 26, 27, 28, 29, 30, 31, 32, 33, 53, 54, 55]
1269	[48, 49, 58, 59]
1270	[36, 37]
1271	[124, 125, 160, 161, 162, 189, 190, 191, 192, 211, 212]
1272	[147, 148]
1273	[]
1274	[45, 46, 47, 48, 161, 162]
1275	[19, 20, 21, 22, 60, 61, 71, 72, 260, 261, 262, 263]
1276	[14, 15]
1277	[]
1278	[105, 106]
1279	[11, 12, 111, 112]
1280	[5, 6, 39, 40, 41, 60, 61, 62, 63, 109, 110]
1281	[19, 20]
1282	[102, 103, 104, 164, 165, 264, 265, 321, 322, 323, 324, 899, 900, 983, 984, 985, 986]
1283	[19, 20, 21]
1284	[21, 22, 106, 107, 195, 196, 197, 198]
1285	[71, 72]
1286	[1, 2, 3, 76, 77, 151, 152, 153, 297, 298, 299]
1287	[]
1288	[]
1289	[38, 39, 100, 101, 102]
1290	[]
1291	[27, 28, 133, 134, 135, 136]
1292	[1, 2, 3, 97, 98]
1293	[48, 49]
1294	[244, 245, 283, 284, 285, 286]
1295	[]
1296	[31, 32, 33]
1297	[]
1298	[280, 281, 460, 461, 462, 463, 464, 465, 466, 467, 468, 469, 470, 588, 589, 603, 604, 623, 624]
1299	[27, 28, 94, 95, 96, 97, 98, 99, 107, 108, 109, 110, 117, 118, 119, 120]
1300	[]
1301	[]
1302	[]
1303	[]
1304	[5, 6, 61, 62, 63, 95, 96]
1305	[28, 29, 105, 106, 562, 563, 564, 565, 699, 700, 701, 702, 801, 802]
1306	[36, 37]
1307	[3, 4, 98, 99]
1308	[71, 72, 73, 74, 75, 76, 77, 78, 81, 82, 124, 125, 157, 158]
1309	[99, 100, 101, 102, 103, 104, 105, 121, 122]
1310	[35, 36, 54, 55, 130, 131, 182, 183, 184]
1311	[2, 3, 11, 12, 13, 14, 96, 97, 168, 169, 199, 200, 201, 202, 203]
1312	[13, 14]
1313	[11, 12, 23, 24, 25, 121, 122]
1314	[]
1315	[174, 175]
1316	[]
1317	[198, 199, 200, 201]
1318	[162, 163]
1319	[55, 56, 217, 218]
1320	[]
1321	[38, 39]
1322	[9, 10, 11, 12, 124, 125, 242, 243]
1323	[]
1324	[23, 24]
1325	[]
1326	[9, 10, 56, 57, 69, 70, 195, 196]
1327	[40, 41, 42]
1328	[29, 30, 31, 79, 80, 81, 82, 123, 124, 182, 183]
1329	[9, 10, 27, 28, 29]
1330	[20, 21]
1331	[60, 61, 175, 176, 177]
1332	[27, 28, 29, 84, 85]
1333	[]
1334	[]
1335	[65, 66, 112, 113, 196, 197, 198, 215, 216, 217]
1336	[54, 55]
1337	[64, 65, 270, 271]
1338	[32, 33, 68, 69, 197, 198, 199, 247, 248, 249]
1339	[9, 10, 54, 55, 79, 80, 81]
1340	[]
1341	[30, 31, 88, 89]
1342	[36, 37, 109, 110, 118, 119, 120, 121, 133, 134, 135, 136, 257, 258, 259]
1343	[86, 87, 88, 97, 98, 182, 183, 184, 185]
1344	[102, 103]
1345	[18, 19, 25, 26]
1346	[16, 17, 18, 19, 166, 167]
1347	[55, 56, 86, 87]
1348	[]
1349	[14, 15, 36, 37]
1350	[]
1351	[127, 128, 170, 171, 217, 218, 219, 220]
1352	[]
1353	[49, 50, 51]
1354	[6, 7, 55, 56, 57, 241, 242, 243, 244, 347, 348, 349]
1355	[1, 2, 3, 63, 64, 65]
1356	[89, 90, 91, 92]
1357	[]
1358	[85, 86]
1359	[]
1360	[]
1361	[]
1362	[110, 111]
1363	[]
1364	[109, 110]
1365	[100, 101]
1366	[88, 89, 135, 136, 160, 161]
1367	[]
1368	[]
1369	[59, 60, 96, 97, 98, 99, 100, 127, 128, 184, 185, 230, 231, 259, 260, 261, 262, 263, 264, 265, 266]
1370	[25, 26, 27, 110, 111]
1371	[28, 29, 161, 162]
1372	[45, 46, 75, 76, 77, 78, 79, 80, 81]
1373	[]
1374	[12, 13, 25, 26, 27, 28, 29]
1375	[59, 60]
1376	[]
1377	[6, 7, 8, 39, 40, 41, 42, 77, 78, 79]
1378	[4, 5]
1379	[71, 72]
1380	[2, 3]
1381	[9, 10, 15, 16, 17, 119, 120, 229, 230]
1382	[75, 76]
1383	[1, 2, 108, 109, 110, 111, 112, 139, 140, 141, 142, 143, 144, 156, 157]
1384	[]
1385	[64, 65, 66, 132, 133, 134]
1386	[30, 31, 101, 102, 103, 104]
1387	[73, 74]
1388	[50, 51, 146, 147]
1389	[27, 28, 34, 35, 36, 37, 158, 159]
1390	[43, 44, 63, 64, 65, 66, 67]
1391	[2, 3]
1392	[]
1393	[24, 25, 26, 27]
1394	[60, 61]
1395	[124, 125, 126, 136, 137]
1396	[10, 11, 12, 13, 90, 91, 92, 93, 209, 210, 287, 288]
1397	[64, 65]
1398	[33, 34, 35, 55, 56]
1399	[67, 68, 69, 70, 71, 72, 92, 93, 94, 95]
1400	[39, 40, 114, 115]
1401	[47, 48]
1402	[20, 21]
1403	[]
1404	[43, 44, 69, 70, 71, 108, 109, 110, 111, 112, 113, 114, 115, 116, 117, 118, 386, 387, 390, 391, 392, 393, 403, 404, 425, 426, 427, 428, 429, 430, 431, 432, 433, 434, 482, 483, 484, 485, 529, 530, 531, 532, 648, 649, 653, 654, 655]
1405	[147, 148, 149, 150]
1406	[114, 115, 116, 117]
1407	[]
1408	[59, 60, 61, 62, 161, 162, 184, 185, 186, 187, 188, 189, 282, 283, 538, 539, 540]
1409	[53, 54, 55, 56, 111, 112]
1410	[1, 2, 3, 68, 69, 70, 71]
1411	[40, 41, 42, 43, 44, 45, 46, 47, 60, 61, 62, 106, 107]
1412	[11, 12, 56, 57]
1413	[191, 192, 211, 212, 213, 214, 215, 216, 225, 226]
1414	[]
1415	[52, 53, 160, 161, 260, 261]
1416	[6, 7, 95, 96]
1417	[21, 22, 23, 24, 25, 41, 42, 43, 63, 64, 65, 66, 105, 106, 119, 120, 191, 192]
1418	[]
1419	[63, 64, 84, 85, 86, 87, 185, 186, 238, 239, 373, 374, 375]
1420	[46, 47, 48, 321, 322, 323, 324, 325, 326, 344, 345, 346, 347, 348, 349, 350, 351, 515, 516]
1421	[21, 22, 23, 24, 25, 26, 27, 199, 200, 241, 242, 418, 419, 420, 421, 682, 683]
1422	[29, 30]
1423	[7, 8, 31, 32, 120, 121, 122, 319, 320, 321, 780, 781, 822, 823, 824]
1424	[]
1425	[48, 49, 50, 51]
1426	[118, 119, 120]
1427	[21, 22, 36, 37, 38, 39, 40, 41, 42, 43, 44, 45]
1428	[1, 2, 3, 489, 490, 491, 584, 585]
1429	[11, 12]
1430	[145, 146, 158, 159, 160, 161, 224, 225, 587, 588, 617, 618, 619, 620, 913, 914, 915, 916]
1431	[]
1432	[17, 18]
1433	[]
1434	[]
1435	[24, 25, 26, 41, 42, 43, 44, 45, 80, 81, 82]
1436	[1, 2, 3, 12, 13, 14, 15, 130, 131, 335, 336]
1437	[24, 25]
1438	[26, 27, 36, 37, 115, 116]
1439	[32, 33]
1440	[124, 125, 151, 152, 153, 154, 226, 227]
1441	[1, 2, 3, 14, 15, 16, 45, 46, 47, 48, 49, 50, 51, 108, 109, 275, 276, 277, 278, 279, 280]
1442	[]
1443	[]
1444	[22, 23, 366, 367, 434, 435, 498, 499, 626, 627, 628, 629]
1445	[52, 53, 214, 215, 216]
1446	[66, 67, 73, 74, 159, 160, 161, 162, 232, 233, 234]
1447	[2, 3, 51, 52]
1448	[2, 3, 193, 194]
1449	[29, 30]
1450	[2, 3, 4, 5]
1451	[28, 29]
1452	[19, 20]
1453	[35, 36, 126, 127]
1454	[94, 95, 306, 307, 356, 357]
1455	[1, 2, 3, 59, 60]
1456	[]
1457	[40, 41]
1458	[32, 33]
1459	[134, 135, 418, 419, 420, 448, 449, 450, 476, 477, 510, 511, 512, 513]
1460	[79, 80, 118, 119]
1461	[33, 34, 35, 36, 73, 74, 89, 90, 91, 147, 148, 149, 150, 168, 169, 233, 234]
1462	[7, 8, 74, 75, 76]
1463	[23, 24, 104, 105, 106, 107, 510, 511, 899, 900, 901, 902, 940, 941, 942, 943, 944]
1464	[22, 23]
1465	[32, 33, 34, 35, 91, 92]
1466	[26, 27, 28, 29, 81, 82]
1467	[94, 95, 96, 97, 98, 99, 176, 177]
1468	[49, 50, 58, 59, 66, 67, 88, 89]
1469	[65, 66, 67, 68, 108, 109, 110, 111, 170, 171]
1470	[38, 39, 112, 113, 114, 115]
1471	[0, 1, 2, 15, 16, 56, 57, 58, 59, 107, 108, 122, 123, 124, 125, 351, 352]
1472	[18, 19, 33, 34, 191, 192, 205, 206]
1473	[58, 59, 60, 180, 181, 182]
1474	[20, 21, 22]
1475	[]
1476	[142, 143, 261, 262, 263, 264, 468, 469]
1477	[5, 6, 47, 48]
1478	[7, 8, 53, 54]
1479	[93, 94, 207, 208, 209, 210, 289, 290, 365, 366, 380, 381]
1480	[31, 32, 33, 34, 35, 36, 37, 38, 39, 40, 41, 42, 75, 76, 105, 106, 107, 108]
1481	[40, 41, 118, 119, 366, 367]
1482	[49, 50]
1483	[66, 67, 68, 69, 167, 168, 388, 389, 390, 391]
1484	[]
1485	[5, 6]
1486	[]
1487	[]
1488	[104, 105]
1489	[11, 12, 57, 58, 59, 70, 71, 72, 73, 74, 75, 76, 77, 78, 158, 159, 177, 178, 210, 211]
1490	[]
1491	[11, 12, 51, 52, 53, 54, 55, 56, 57, 58, 59, 60, 61, 89, 90, 194, 195, 196]
1492	[48, 49, 90, 91]
1493	[2, 3, 4]
1494	[85, 86, 87, 88, 104, 105, 114, 115, 116, 117]
1495	[82, 83, 180, 181, 182, 183, 198, 199, 221, 222, 223, 224, 265, 266]
1496	[1, 2, 3]
1497	[53, 54, 130, 131]
1498	[1, 2, 3, 76, 77]
1499	[24, 25, 50, 51]
1500	[]
1501	[92, 93, 177, 178, 286, 287, 473, 474]
1502	[81, 82]
1503	[220, 221]
1504	[11, 12, 101, 102, 146, 147]
1505	[1, 2, 18, 19, 20, 21, 106, 107, 249, 250, 251, 252, 253, 254, 255]
1506	[58, 59, 114, 115]
1507	[2, 3]
1508	[]
1509	[79, 80]
1510	[17, 18, 43, 44, 45, 46]
1511	[100, 101, 102]
1512	[33, 34, 35, 36, 47, 48, 55, 56, 83, 84, 85, 126, 127, 162, 163, 164, 165, 386, 387, 388, 389, 390, 391, 453, 454, 455, 456, 604, 605, 606, 607, 672, 673, 674, 675]
1513	[]
1514	[13, 14, 52, 53]
1515	[15, 16, 17, 18, 19, 20, 34, 35, 36, 37]
1516	[0, 1, 2, 11, 12, 13, 14]
1517	[]
1518	[19, 20, 116, 117, 118, 214, 215, 306, 307]
1519	[89, 90]
1520	[17, 18]
1521	[1, 2, 39, 40, 41, 42, 84, 85]
1522	[32, 33]
1523	[39, 40]
1524	[81, 82, 83, 167, 168, 169, 170, 171, 172, 173, 289, 290]
1525	[76, 77]
1526	[132, 133, 144, 145, 146, 161, 162]
1527	[]
1528	[45, 46, 62, 63, 237, 238, 239, 240, 256, 257, 258, 509, 510]
1529	[28, 29, 30, 31, 32, 33, 34]
1530	[]
1531	[29, 30, 99, 100, 101, 102, 137, 138, 139, 140]
1532	[]
1533	[29, 30]
1534	[3, 4, 5, 6, 53, 54, 55, 56, 71, 72, 73, 74, 77, 78, 196, 197, 198, 239, 240, 248, 249, 250, 251, 252, 253, 265, 266, 267]
1535	[30, 31, 100, 101, 175, 176, 213, 214, 215, 216]
1536	[200, 201, 202, 229, 230, 244, 245, 246, 247, 248, 277, 278, 279, 283, 284, 604, 605, 606, 607]
1537	[18, 19, 45, 46, 47, 48, 49, 92, 93, 94, 95, 96, 97]
1538	[29, 30]
1539	[180, 181, 182, 183]
1540	[42, 43]
1541	[91, 92, 206, 207]
1542	[101, 102, 137, 138, 139, 140, 141, 142, 143, 144, 145, 146, 223, 224, 225, 226, 294, 295, 591, 592, 593, 594]
1543	[55, 56, 57, 58, 59, 60, 81, 82, 83, 84, 85, 86, 87]
1544	[42, 43, 67, 68, 69, 70]
1545	[250, 251, 252, 253, 262, 263, 427, 428]
1546	[59, 60, 61, 62, 71, 72, 73, 74, 75, 76, 77, 78, 79, 84, 85, 137, 138, 139, 155, 156, 157, 240, 241, 249, 250]
1547	[45, 46, 68, 69, 70, 71, 160, 161, 162]
1548	[9, 10, 17, 18, 225, 226, 227, 228, 240, 241]
1549	[7, 8, 9, 10, 11, 12, 18, 19, 20, 21, 206, 207, 208, 209, 210, 211, 212, 213, 340, 341]
1550	[30, 31, 37, 38, 39]
1551	[1, 2, 3, 12, 13, 39, 40, 324, 325, 326, 327, 328]
1552	[16, 17, 18, 19, 55, 56, 57, 58]
1553	[25, 26, 41, 42, 43, 116, 117, 118]
1554	[]
1555	[]
1556	[50, 51, 52, 53, 54, 55, 56, 85, 86, 87]
1557	[107, 108]
1558	[21, 22, 23, 354, 355, 356, 357, 358]
1559	[24, 25, 26]
1560	[2, 3, 24, 25, 26]
1561	[98, 99]
1562	[26, 27, 53, 54, 70, 71, 72, 550, 551, 554, 555, 556, 557, 622, 623, 624, 625, 626]
1563	[46, 47]
1564	[19, 20]
1565	[34, 35, 36, 37]
1566	[29, 30, 31, 74, 75, 142, 143, 144, 145, 146, 147]
1567	[12, 13, 53, 54, 79, 80, 81, 82]
1568	[51, 52]
1569	[1, 2, 3, 84, 85, 86, 336, 337, 338, 339, 340, 341, 342, 343, 344, 345, 346, 347, 348]
1570	[]
1571	[]
1572	[40, 41, 168, 169, 170, 230, 231]
1573	[1, 2, 3, 25, 26, 43, 44, 45, 46, 170, 171, 230, 231, 285, 286, 287, 288]
1574	[68, 69]
1575	[48, 49, 50, 182, 183]
1576	[86, 87, 116, 117, 250, 251, 252, 253, 493, 494]
1577	[30, 31, 196, 197, 220, 221, 222, 223, 224, 225, 226]
1578	[40, 41, 42, 43, 44, 45, 46, 285, 286, 292, 293, 294, 503, 504]
1579	[78, 79, 121, 122, 123, 124, 125, 126, 127, 128, 129, 130, 131]
1580	[62, 63, 90, 91]
1581	[137, 138]
1582	[28, 29, 30, 31, 106, 107]
1583	[0, 1, 2, 3, 4, 5, 6, 194, 195]
1584	[17, 18, 29, 30, 42, 43, 44, 405, 406]
1585	[16, 17, 18, 49, 50, 100, 101, 102, 103, 121, 122, 284, 285]
1586	[41, 42, 43, 88, 89, 90, 91, 198, 199, 200, 207, 208, 209, 210, 211, 212, 213, 214]
1587	[71, 72, 84, 85]
1588	[16, 17, 18]
1589	[20, 21, 22, 140, 141, 197, 198]
1590	[55, 56, 57, 58, 59, 60, 158, 159]
1591	[27, 28, 61, 62, 63, 74, 75, 76, 77, 113, 114, 115, 116]
1592	[75, 76, 77, 78, 104, 105, 491, 492, 493, 494, 495, 528, 529, 530, 531, 532, 533, 534, 535, 536]
1593	[42, 43, 222, 223, 236, 237, 238, 239, 240, 241]
1594	[79, 80, 81, 100, 101, 102, 103, 110, 111, 115, 116, 117, 121, 122]
1595	[]
1596	[11, 12, 13, 143, 144, 281, 282, 292, 293, 294]
1597	[40, 41, 228, 229, 230, 231, 232, 233, 234, 250, 251, 252, 253, 254, 255, 256]
1598	[16, 17, 18, 19, 59, 60, 155, 156, 157, 158, 159]
1599	[29, 30]
1600	[5, 6, 7, 265, 266, 291, 292, 293, 294, 469, 470, 471, 472, 609, 610, 611, 612]
1601	[110, 111]
1602	[31, 32, 112, 113, 172, 173, 479, 480, 481, 482, 693, 694, 695, 696, 697, 698, 699, 700]
1603	[85, 86, 221, 222]
1604	[144, 145, 303, 304]
1605	[194, 195, 232, 233]
1606	[11, 12, 13, 14]
1607	[1, 2, 85, 86]
1608	[3, 4, 5, 6, 7, 8]
1609	[]
1610	[48, 49]
1611	[36, 37, 46, 47]
1612	[]
1613	[78, 79, 293, 294, 341, 342, 405, 406, 407]
1614	[1, 2, 3, 49, 50, 76, 77, 258, 259, 260, 261, 262, 351, 352, 353]
1615	[1, 2, 66, 67]
1616	[]
1617	[]
1618	[42, 43, 108, 109, 115, 116, 117]
1619	[32, 33]
1620	[8, 9]
1621	[50, 51, 52]
1622	[17, 18, 28, 29, 54, 55, 59, 60, 61]
1623	[]
1624	[68, 69, 70, 71]
1625	[29, 30, 31, 36, 37, 40, 41]
1626	[44, 45, 46, 47, 71, 72, 364, 365]
1627	[21, 22, 41, 42, 43, 44, 180, 181, 182, 206, 207, 282, 283]
1628	[]
1629	[13, 14, 439, 440]
1630	[33, 34, 40, 41, 355, 356, 357, 375, 376]
1631	[]
1632	[]
1633	[9, 10, 25, 26]
1634	[51, 52]
1635	[0, 1]
1636	[0, 1, 2, 43, 44]
1637	[18, 19, 38, 39]
1638	[16, 17, 245, 246]
1639	[77, 78, 79, 80, 119, 120, 121, 122, 148, 149]
1640	[26, 27, 69, 70, 71, 72, 73, 74, 75, 76, 77, 78, 79, 80]
1641	[]
1642	[]
1643	[32, 33]
1644	[89, 90, 91, 95, 96]
1645	[46, 47, 72, 73]
1646	[189, 190, 191, 278, 279, 280, 281, 355, 356, 562, 563, 564, 675, 676]
1647	[6, 7]
1648	[32, 33]
1649	[24, 25, 34, 35, 36, 37]
1650	[24, 25, 58, 59]
1651	[6, 7, 21, 22]
1652	[]
1653	[]
1654	[]
1655	[53, 54, 95, 96, 97, 98, 99, 100]
1656	[35, 36]
1657	[1, 2, 3]
1658	[181, 182, 183, 184, 219, 220, 293, 294]
1659	[7, 8, 97, 98, 99]
1660	[107, 108]
1661	[0, 1, 26, 27, 100, 101, 102, 103, 155, 156, 157, 254, 255, 256, 257, 258, 259, 260, 261, 262, 263, 264, 265, 266, 612, 613, 614, 615]
1662	[]
1663	[6, 7, 36, 37]
1664	[33, 34, 73, 74]
1665	[11, 12]
1666	[110, 111, 112, 281, 282, 318, 319]
1667	[6, 7, 57, 58, 59, 201, 202, 203, 204, 259, 260]
1668	[1, 2, 3, 88, 89, 173, 174, 175, 176, 344, 345, 723, 724, 725, 729, 730, 731, 732, 733, 734, 735]
1669	[38, 39]
1670	[]
1671	[9, 10, 11, 83, 84, 85, 86]
1672	[230, 231]
1673	[]
1674	[1, 2, 3, 30, 31, 143, 144]
1675	[69, 70]
1676	[74, 75, 76, 77, 150, 151]
1677	[]
1678	[21, 22]
1679	[2, 3]
1680	[36, 37, 38, 139, 140, 196, 197]
1681	[2, 3, 87, 88, 126, 127]
1682	[]
1683	[107, 108, 238, 239, 272, 273]
1684	[]
1685	[]
1686	[]
1687	[16, 17, 93, 94, 95, 96, 182, 183, 184, 185, 281, 282]
1688	[54, 55, 83, 84]
1689	[1, 2, 3]
1690	[27, 28, 105, 106]
1691	[]
1692	[1, 2, 55, 56, 57, 73, 74]
1693	[70, 71, 72]
1694	[14, 15, 16, 101, 102, 103, 104]
1695	[20, 21]
1696	[52, 53, 54, 55, 56, 57]
1697	[9, 10, 42, 43, 213, 214, 215, 296, 297]
1698	[50, 51]
1699	[7, 8, 72, 73]
1700	[47, 48]
1701	[]
1702	[5, 6, 7, 14, 15, 36, 37]
1703	[]
1704	[19, 20, 79, 80, 81, 82, 103, 104]
1705	[2, 3, 10, 11, 12]
1706	[51, 52]
1707	[98, 99, 150, 151, 196, 197, 198]
1708	[]
1709	[23, 24, 65, 66]
1710	[]
1711	[]
1712	[35, 36, 101, 102]
1713	[119, 120, 176, 177, 265, 266, 267, 268]
1714	[11, 12, 13, 14, 15, 16]
1715	[]
1716	[30, 31, 32, 33, 112, 113, 239, 240, 241, 242]
1717	[68, 69, 70, 155, 156, 323, 324, 344, 345, 346, 423, 424]
1718	[]
1719	[75, 76, 77]
1720	[89, 90, 124, 125]
1721	[]
1722	[90, 91, 132, 133, 187, 188]
1723	[52, 53, 92, 93, 168, 169]
1724	[154, 155, 187, 188]
1725	[41, 42]
1726	[26, 27]
1727	[135, 136, 137, 138]
1728	[12, 13]
1729	[7, 8, 9, 67, 68, 96, 97, 100, 101, 102, 103, 104]
1730	[94, 95, 188, 189, 194, 195, 196]
1731	[18, 19]
1732	[2, 3, 88, 89, 160, 161, 218, 219, 220, 246, 247, 436, 437, 438, 439, 440, 441, 442, 443, 444, 445, 446, 566, 567, 568, 569, 570, 571, 572, 573, 574]
1733	[]
1734	[]
1735	[]
1736	[44, 45]
1737	[5, 6, 7, 47, 48]
1738	[9, 10]
1739	[48, 49]
1740	[14, 15, 103, 104, 122, 123]
1741	[25, 26]
1742	[7, 8, 104, 105, 140, 141, 142, 143, 152, 153, 154]
1743	[1, 2]
1744	[80, 81]
1745	[43, 44]
1746	[]
1747	[0, 1, 2, 3, 4, 5, 6, 7, 8, 22, 23, 33, 34, 86, 87, 88, 89, 149, 150]
1748	[14, 15, 93, 94, 110, 111, 112, 113, 209, 210, 211, 212]
1749	[19, 20, 24, 25, 26]
1750	[97, 98, 186, 187]
1751	[22, 23]
1752	[7, 8, 82, 83, 84, 85]
1753	[52, 53, 60, 61, 62, 63, 171, 172, 173, 484, 485]
1754	[5, 6, 10, 11, 366, 367, 368, 369, 490, 491, 492, 493, 494, 495, 671, 672]
1755	[78, 79, 112, 113, 298, 299, 300, 301]
1756	[]
1757	[]
1758	[]
1759	[46, 47]
1760	[70, 71]
1761	[92, 93, 211, 212]
1762	[15, 16, 128, 129]
1763	[57, 58, 62, 63, 64]
1764	[]
1765	[33, 34, 35, 92, 93]
1766	[25, 26, 60, 61, 96, 97, 98, 99, 263, 264, 426, 427]
1767	[19, 20, 66, 67]
1768	[]
1769	[8, 9, 28, 29, 30, 45, 46]
1770	[]
1771	[164, 165]
1772	[64, 65]
1773	[2, 3, 17, 18, 19, 20]
1774	[46, 47, 99, 100, 126, 127, 128, 129]
1775	[]
1776	[39, 40, 127, 128, 129]
1777	[67, 68, 69]
1778	[140, 141, 146, 147]
1779	[16, 17, 34, 35, 36, 60, 61]
1780	[197, 198, 220, 221]
1781	[52, 53, 109, 110, 139, 140, 154, 155, 156, 157, 158, 159, 160, 161]
1782	[100, 101, 111, 112]
1783	[42, 43]
1784	[67, 68, 69, 70, 71, 72]
1785	[47, 48, 49, 50, 51, 52, 79, 80, 81, 82]
1786	[40, 41]
1787	[204, 205]
1788	[27, 28, 29, 121, 122, 123, 124, 158, 159, 211, 212, 213, 214, 273, 274, 314, 315, 316, 317, 694, 695, 696, 697, 698]
1789	[23, 24]
1790	[12, 13, 14]
1791	[]
1792	[63, 64, 65, 66, 67, 200, 201, 202, 315, 316]
1793	[]
1794	[33, 34, 74, 75, 143, 144]
1795	[1, 2, 3, 35, 36, 89, 90]
1796	[68, 69, 70, 71, 119, 120, 121]
1797	[30, 31, 32, 33]
1798	[33, 34]
1799	[88, 89, 157, 158, 159, 180, 181, 182, 183, 205, 206, 222, 223]
1800	[70, 71, 90, 91, 92, 93, 150, 151, 252, 253]
1801	[41, 42, 43, 44, 45, 46, 127, 128, 129, 130]
1802	[]
1803	[30, 31, 52, 53, 54]
1804	[]
1805	[]
1806	[49, 50]
1807	[41, 42]
1808	[78, 79]
1809	[45, 46, 47, 82, 83, 84, 85, 86, 131, 132]
1810	[22, 23, 44, 45, 53, 54, 55, 56, 57, 58]
1811	[2, 3, 4, 5, 33, 34]
1812	[]
1813	[68, 69]
1814	[40, 41, 42, 43]
1815	[]
1816	[36, 37, 307, 308]
1817	[70, 71]
1818	[46, 47, 48, 49, 185, 186, 256, 257]
1819	[2, 3]
1820	[4, 5, 75, 76, 110, 111, 112, 113, 209, 210, 211, 212]
1821	[28, 29]
1822	[40, 41, 42]
1823	[12, 13, 14, 52, 53, 54, 55, 106, 107, 181, 182, 190, 191, 192, 193]
1824	[40, 41, 42, 160, 161]
1825	[13, 14, 44, 45, 46]
1826	[]
1827	[27, 28, 29, 30, 31, 32, 43, 44, 198, 199, 200]
1828	[]
1829	[18, 19]
1830	[13, 14, 67, 68, 125, 126, 127, 128]
1831	[86, 87, 88, 89]
1832	[40, 41, 42, 71, 72, 154, 155]
1833	[41, 42, 75, 76, 182, 183, 200, 201, 202, 203, 220, 221]
1834	[]
1835	[]
1836	[46, 47, 171, 172, 173, 182, 183]
1837	[29, 30, 74, 75, 92, 93, 159, 160, 161, 162, 165, 166, 167]
1838	[61, 62, 63, 64, 76, 77, 78, 402, 403, 404, 405, 448, 449]
1839	[16, 17, 54, 55, 56, 57, 73, 74, 143, 144]
1840	[]
1841	[1, 2, 3]
1842	[]
1843	[16, 17, 61, 62]
1844	[50, 51, 52, 87, 88, 91, 92]
1845	[7, 8, 9, 10, 22, 23, 37, 38, 39, 40, 122, 123, 124, 125]
1846	[]
1847	[1, 2, 146, 147, 148, 149, 258, 259]
1848	[]
1849	[220, 221, 349, 350, 351, 352, 368, 369, 517, 518, 519, 520, 566, 567, 647, 648, 649]
1850	[56, 57, 87, 88, 89, 90, 152, 153]
1851	[65, 66, 156, 157, 158, 159, 160, 301, 302, 303, 304, 305, 306, 307]
1852	[53, 54, 55, 56, 57, 58]
1853	[1, 2]
1854	[36, 37, 38]
1855	[20, 21, 22, 23, 94, 95, 96]
1856	[52, 53, 54, 124, 125, 169, 170, 176, 177, 178, 208, 209, 301, 302, 303, 304, 373, 374, 375]
1857	[15, 16, 17, 18, 138, 139, 165, 166]
1858	[19, 20, 21, 22, 23, 24, 25, 26, 63, 64]
1859	[]
1860	[34, 35, 99, 100, 106, 107, 166, 167]
1861	[9, 10, 11, 21, 22, 23, 35, 36]
1862	[134, 135]
1863	[42, 43, 44, 74, 75, 134, 135]
1864	[123, 124]
1865	[4, 5, 6, 7, 8, 13, 14, 15, 16, 17, 39, 40, 41, 42, 61, 62, 236, 237, 705, 706]
1866	[3, 4]
1867	[3, 4, 5, 28, 29]
1868	[9, 10]
1869	[43, 44, 118, 119, 139, 140, 141, 142, 186, 187, 188, 189]
1870	[2, 3]
1871	[50, 51, 72, 73, 86, 87, 97, 98, 99]
1872	[]
1873	[37, 38, 39]
1874	[8, 9, 28, 29, 30]
1875	[33, 34]
1876	[86, 87, 88, 89, 171, 172]
1877	[12, 13, 14, 15, 16, 17]
1878	[17, 18, 19, 20, 21, 22, 133, 134, 135]
1879	[]
1880	[15, 16, 17]
1881	[10, 11]
1882	[54, 55, 75, 76, 77, 78, 119, 120, 121, 122, 123]
1883	[116, 117, 126, 127, 239, 240, 241, 242, 243, 244, 245, 354, 355, 422, 423]
1884	[]
1885	[14, 15, 16, 17, 18, 19, 20, 21, 22, 27, 28]
1886	[25, 26, 44, 45, 90, 91, 271, 272]
1887	[7, 8, 9, 10, 79, 80, 81, 82, 83, 84, 85, 86, 87, 88, 89, 90, 109, 110]
1888	[]
1889	[7, 8, 40, 41, 42, 68, 69, 70, 260, 261, 360, 361, 362, 363]
1890	[8, 9, 10, 11, 12, 13, 19, 20, 21, 22]
1891	[62, 63, 64, 65, 118, 119, 125, 126, 127, 128, 143, 144, 145, 146]
1892	[110, 111]
1893	[116, 117, 134, 135, 136]
1894	[143, 144, 146, 147, 148, 328, 329, 330, 331, 332, 333, 334, 335]
1895	[5, 6, 7, 106, 107, 283, 284]
1896	[8, 9, 36, 37, 38, 39, 44, 45, 89, 90, 91]
1897	[19, 20, 21]
1898	[20, 21, 110, 111]
1899	[95, 96, 257, 258, 331, 332, 345, 346, 347, 348, 372, 373, 374, 375, 575, 576]
1900	[56, 57]
1901	[1, 2, 3, 24, 25, 76, 77, 78, 79, 112, 113, 114, 115, 129, 130, 131, 132, 133, 134, 135]
1902	[4, 5, 6, 7, 8, 9, 10, 33, 34]
1903	[4, 5, 6, 18, 19, 20, 21, 22, 136, 137, 170, 171]
1904	[]
1905	[]
1906	[48, 49, 73, 74, 91, 92, 93, 94, 95, 96]
1907	[136, 137, 233, 234, 235, 236, 237]
1908	[2, 3, 53, 54, 55, 216, 217, 396, 397, 398, 399]
1909	[1, 2, 3]
1910	[48, 49, 50, 57, 58]
1911	[68, 69, 70]
1912	[16, 17, 40, 41]
1913	[13, 14, 161, 162]
1914	[9, 10, 11, 12, 79, 80, 188, 189, 223, 224, 225, 226, 266, 267, 406, 407, 408, 409, 423, 424, 425, 426]
1915	[68, 69]
1916	[18, 19]
1917	[48, 49]
1918	[58, 59]
1919	[108, 109, 110, 111, 112, 113, 114, 115, 116, 134, 135]
1920	[1, 2, 3]
1921	[70, 71]
1922	[]
1923	[23, 24, 25, 26, 76, 77, 78, 79, 80, 81]
1924	[47, 48, 49, 57, 58, 103, 104]
1925	[1, 2, 9, 10, 11, 12, 13, 14, 62, 63]
1926	[1, 2]
1927	[40, 41]
1928	[39, 40]
1929	[14, 15, 21, 22]
1930	[62, 63, 75, 76, 77, 120, 121, 122]
1931	[31, 32]
1932	[7, 8, 9]
1933	[24, 25, 69, 70]
1934	[134, 135]
1935	[17, 18]
1936	[]
1937	[]
1938	[14, 15]
1939	[13, 14, 38, 39, 40]
1940	[]
1941	[73, 74, 75, 85, 86, 229, 230, 231, 232, 233, 234, 235, 236, 302, 303, 304, 305]
1942	[66, 67]
1943	[26, 27, 38, 39, 40, 135, 136, 137, 138]
1944	[97, 98, 99, 206, 207]
1945	[]
1946	[]
1947	[11, 12, 13, 160, 161, 162, 307, 308, 309, 310, 315, 316, 317, 318, 319, 320, 321, 322, 323, 324, 325, 326, 327]
1948	[4, 5, 58, 59, 60, 61, 85, 86]
1949	[]
1950	[57, 58]
1951	[]
1952	[55, 56]
1953	[44, 45, 68, 69, 70, 231, 232, 233, 234, 235, 236, 237, 238]
1954	[]
1955	[11, 12]
1956	[25, 26, 116, 117, 136, 137, 138, 139]
1957	[37, 38, 41, 42, 43]
1958	[13, 14]
1959	[53, 54]
1960	[2, 3, 4, 5, 42, 43, 44]
1961	[30, 31]
1962	[50, 51]
1963	[8, 9, 10, 11, 12, 13, 14, 15, 18, 19, 47, 48, 49, 50, 131, 132, 133, 389, 390, 391, 392, 393, 394, 395, 396, 397, 398, 399, 400, 401, 521, 522, 523, 524, 540, 541, 937, 938]
1964	[30, 31, 54, 55, 56]
1965	[19, 20, 21, 22, 23, 24, 60, 61, 99, 100, 138, 139, 140, 141]
1966	[20, 21, 49, 50, 51, 163, 164, 165, 166, 295, 296, 297, 298, 299]
1967	[50, 51, 125, 126, 127, 128, 152, 153, 161, 162, 212, 213, 255, 256, 257, 258, 310, 311, 312, 313]
1968	[37, 38, 46, 47, 90, 91, 92, 93]
1969	[20, 21, 334, 335]
1970	[60, 61, 62, 63, 80, 81]
1971	[23, 24, 224, 225, 226]
1972	[100, 101, 102, 136, 137, 138, 139]
1973	[47, 48, 49, 50, 51, 91, 92, 93, 94]
1974	[70, 71, 85, 86]
1975	[18, 19, 124, 125]
1976	[126, 127]
1977	[76, 77, 95, 96]
1978	[50, 51, 52, 53, 67, 68, 112, 113, 117, 118, 119, 120, 121, 122, 268, 269, 270, 271, 392, 393, 394, 395, 629, 630]
1979	[]
1980	[0, 1, 48, 49, 104, 105, 140, 141, 142, 187, 188]
1981	[78, 79, 84, 85, 152, 153, 154, 168, 169, 182, 183]
1982	[13, 14, 15, 16]
1983	[]
1984	[51, 52]
1985	[50, 51]
1986	[]
1987	[9, 10, 111, 112, 113, 114]
1988	[6, 7, 8, 9, 85, 86, 89, 90]
1989	[22, 23]
1990	[20, 21]
1991	[34, 35]
1992	[31, 32]
1993	[59, 60]
1994	[1, 2, 3, 48, 49]
1995	[]
1996	[39, 40, 41]
1997	[60, 61]
1998	[]
1999	[110, 111, 147, 148, 202, 203, 245, 246, 247, 248, 249, 250, 251, 719, 720, 721, 722]
