0	[]
1	[81, 82, 83, 84, 85, 86]
2	[483, 484, 485, 486, 487, 488, 489, 490]
3	[413, 414, 415, 416, 417, 418, 419, 420, 432, 433, 434, 435]
4	[]
5	[129, 130, 131, 132, 133, 134]
6	[]
7	[55, 56, 57, 58, 59, 60, 61, 62]
8	[37, 38, 39, 40, 321, 322, 323, 324, 325]
9	[94, 95, 96, 97]
10	[17, 18, 19, 20, 21, 22, 23, 24]
11	[]
12	[]
13	[]
14	[]
15	[134, 135, 136, 137, 138, 139]
16	[]
17	[12, 13, 14, 15, 16]
18	[2, 3, 4, 5]
19	[]
20	[]
21	[0, 1, 2, 3, 4]
22	[]
23	[]
24	[238, 239, 240, 241, 242]
25	[13, 14, 15, 16, 17, 18, 19, 20, 21]
26	[]
27	[]
28	[13, 14, 15, 16, 17]
29	[]
30	[]
31	[57, 58, 59, 60, 61, 62, 63, 64]
32	[]
33	[8, 9, 10, 11, 12]
34	[28, 29, 30, 31, 32, 33, 34, 35]
35	[18, 19, 20, 21, 22]
36	[12, 13, 14, 15, 16]
37	[20, 21, 22, 23, 24, 25, 26, 27]
38	[]
39	[94, 95, 96, 97]
40	[12, 13, 14, 15]
41	[157, 158, 159, 160, 216, 217, 218, 219, 220, 221, 222, 223]
42	[]
43	[0, 1, 2, 3]
44	[14, 15, 16, 17, 18, 19, 20, 21]
45	[118, 119, 120, 121, 122]
46	[41, 42, 43, 44, 45]
47	[47, 48, 49, 50, 51, 52, 53, 54]
48	[]
49	[306, 307, 308, 309]
50	[]
51	[]
52	[]
53	[]
54	[44, 45, 46, 47, 48]
55	[]
56	[]
57	[]
58	[]
59	[21, 22, 23, 24, 25, 26]
60	[]
61	[30, 31, 32, 33, 34, 35, 36, 37, 360, 361, 362, 363, 364, 365, 366, 367, 368]
62	[66, 67, 68, 69]
63	[]
64	[0, 1, 2, 3, 4]
65	[]
66	[]
67	[]
68	[21, 22, 23, 24, 25]
69	[]
70	[]
71	[764, 765, 766, 767, 768, 769]
72	[55, 56, 57, 58, 59, 60]
73	[]
74	[7, 8, 9, 10, 11, 12]
75	[240, 241, 242, 243, 244, 245]
76	[92, 93, 94, 95]
77	[]
78	[14, 15, 16, 17, 18, 19, 102, 103, 104, 105, 106, 107]
79	[21, 22, 23, 24, 25, 26, 27, 28, 175, 176, 177, 178, 179, 180, 181]
80	[]
81	[]
82	[5, 6, 7, 8, 9, 10]
83	[28, 29, 30, 31, 32, 33]
84	[]
85	[101, 102, 103, 104, 105, 106, 107, 108, 134, 135, 136, 137, 138, 139, 140, 141, 142]
86	[44, 45, 46, 47, 48, 49, 50, 51, 52, 53, 54, 300, 301, 302, 303, 304]
87	[0, 1, 2, 3, 4, 5, 6]
88	[]
89	[28, 29, 30, 31, 32, 33]
90	[11, 12, 13, 14, 15]
91	[20, 21, 22, 23, 24, 25]
92	[34, 35, 36, 37, 38, 39]
93	[104, 105, 106, 107, 108, 109]
94	[]
95	[14, 15, 16, 17, 18]
96	[336, 337, 338, 339, 340, 341]
97	[17, 18, 19, 20, 45, 46, 47, 48, 49, 50]
98	[15, 16, 17, 18, 19, 38, 39, 40, 41, 103, 104, 105, 106, 107, 108]
99	[]
100	[0, 1, 2, 3, 4, 5]
101	[]
102	[0, 1, 2, 3, 4, 5]
103	[89, 90, 91, 92]
104	[]
105	[]
106	[107, 108, 109, 110, 111]
107	[391, 392, 393, 394, 395]
108	[]
109	[53, 54, 55, 56, 57, 58]
110	[]
111	[95, 96, 97, 98, 99, 100, 101, 102]
112	[0, 1, 2, 3, 4, 5]
113	[33, 34, 35, 36]
114	[]
115	[]
116	[91, 92, 93, 94, 95, 96, 97, 98, 99]
117	[]
118	[76, 77, 78, 79, 80, 81]
119	[19, 20, 21, 22, 23, 24, 25, 26]
120	[13, 14, 15, 16]
121	[]
122	[37, 38, 39, 40, 41, 42, 370, 371, 372, 373, 374, 375]
123	[233, 234, 235, 236]
124	[114, 115, 116, 117, 118, 119]
125	[]
126	[19, 20, 21, 22]
127	[]
128	[7, 8, 9, 10, 11, 12, 13, 14]
129	[]
130	[21, 22, 23, 24]
131	[5, 6, 7, 8, 9]
132	[15, 16, 17, 18, 19]
133	[108, 109, 110, 111, 112, 113]
134	[12, 13, 14, 15, 16, 17, 18, 19, 20]
135	[71, 72, 73, 74]
136	[166, 167, 168, 169, 170, 171, 473, 474, 475, 476, 477]
137	[20, 21, 22, 23, 24, 25, 26, 27, 28]
138	[115, 116, 117, 118, 119, 120]
139	[73, 74, 75, 76]
140	[17, 18, 19, 20, 21]
141	[105, 106, 107, 108, 109, 110]
142	[48, 49, 50, 51, 52, 53]
143	[470, 471, 472, 473, 474, 475, 476, 477]
144	[]
145	[23, 24, 25, 26, 27]
146	[520, 521, 522, 523]
147	[142, 143, 144, 145, 146, 147]
148	[66, 67, 68, 69, 70, 71]
149	[]
150	[]
151	[0, 1, 2, 3, 4]
152	[]
153	[0, 1, 2, 3, 4, 5]
154	[208, 209, 210, 211, 212, 213]
155	[27, 28, 29, 30, 31]
156	[70, 71, 72, 73, 74, 75]
157	[]
158	[38, 39, 40, 41, 42, 43]
159	[10, 11, 12, 13]
160	[413, 414, 415, 416, 417]
161	[121, 122, 123, 124, 125, 126, 127, 128, 130, 131, 132, 133]
162	[198, 199, 200, 201, 202, 203]
163	[22, 23, 24, 25, 26, 27]
164	[38, 39, 40, 41, 42, 43, 44, 45, 46]
165	[]
166	[20, 21, 22, 23, 24, 25]
167	[28, 29, 30, 31]
168	[22, 23, 24, 25, 26, 27]
169	[]
170	[7, 8, 9, 10, 11, 12]
171	[81, 82, 83, 84]
172	[24, 25, 26, 27, 28, 29]
173	[]
174	[]
175	[19, 20, 21, 22, 23]
176	[79, 80, 81, 82, 83, 84]
177	[8, 9, 10, 11, 12]
178	[39, 40, 41, 42, 43, 44]
179	[5, 6, 7, 8, 9, 10]
180	[]
181	[24, 25, 26, 27, 28, 29]
182	[14, 15, 16, 17]
183	[133, 134, 135, 136]
184	[]
185	[8, 9, 10, 11, 12, 13]
186	[398, 399, 400, 401, 402]
187	[]
188	[278, 279, 280, 281, 282, 283, 284, 285]
189	[29, 30, 31, 32, 33, 34, 35, 36]
190	[17, 18, 19, 20, 21, 87, 88, 89, 90]
191	[]
192	[]
193	[197, 198, 199, 200, 201, 202, 203, 204, 205]
194	[407, 408, 409, 410, 411, 412, 413, 414, 415]
195	[]
196	[]
197	[9, 10, 11, 12]
198	[98, 99, 100, 101, 102, 103]
199	[54, 55, 56, 57, 58, 59]
200	[49, 50, 51, 52, 53]
201	[]
202	[]
203	[]
204	[100, 101, 102, 103, 104, 105, 106, 107, 108]
205	[]
206	[83, 84, 85, 86, 87, 88, 89, 90, 91]
207	[]
208	[]
209	[]
210	[]
211	[]
212	[10, 11, 12, 13, 14, 15]
213	[18, 19, 20, 21, 22, 23]
214	[]
215	[41, 42, 43, 44, 45, 46]
216	[]
217	[87, 88, 89, 90, 91, 92]
218	[]
219	[25, 26, 27, 28]
220	[536, 537, 538, 539, 540, 541]
221	[330, 331, 332, 333]
222	[]
223	[0, 1, 2, 3, 4, 5]
224	[]
225	[155, 156, 157, 158]
226	[217, 218, 219, 220, 221, 222]
227	[25, 26, 27, 28]
228	[9, 10, 11, 12, 13, 14]
229	[121, 122, 123, 124, 125]
230	[21, 22, 23, 24, 25, 26]
231	[]
232	[8, 9, 10, 11, 12]
233	[48, 49, 50, 51, 52, 53, 226, 227, 228, 229, 230]
234	[]
235	[37, 38, 39, 40, 41]
236	[]
237	[27, 28, 29, 30, 31, 32, 33, 34]
238	[53, 54, 55, 56, 57, 58]
239	[248, 249, 250, 251, 252, 253, 254, 255]
240	[]
241	[49, 50, 51, 52, 53, 54, 98, 99, 100, 101, 102]
242	[20, 21, 22, 23, 24, 25]
243	[12, 13, 14, 15, 16, 17, 18, 19, 20]
244	[]
245	[79, 80, 81, 82, 83, 84]
246	[82, 83, 84, 85, 86, 87]
247	[]
248	[]
249	[83, 84, 85, 86, 87, 398, 399, 400, 401, 402, 440, 441, 442, 443, 444, 445]
250	[144, 145, 146, 147]
251	[]
252	[44, 45, 46, 47, 48, 154, 155, 156, 157, 158, 159, 160, 161, 162]
253	[0, 1, 2, 3, 4, 5]
254	[80, 81, 82, 83, 142, 143, 144, 145, 146]
255	[189, 190, 191, 192]
256	[]
257	[147, 148, 149, 150, 151, 152, 153, 154]
258	[]
259	[5, 6, 7, 8, 9, 10, 11, 12, 13]
260	[233, 234, 235, 236, 237, 238]
261	[]
262	[395, 396, 397, 398, 399, 400]
263	[144, 145, 146, 147, 148]
264	[18, 19, 20, 21, 22, 23]
265	[]
266	[]
267	[14, 15, 16, 17, 18, 19, 20, 21, 72, 73, 74, 75, 76]
268	[27, 28, 29, 30, 31]
269	[259, 260, 261, 262]
270	[51, 52, 53, 54, 55, 56]
271	[6, 7, 8, 9, 10, 132, 133, 134, 135, 136, 137, 138, 139, 531, 532, 533, 534, 631, 632, 633, 634, 635, 636]
272	[22, 23, 24, 25, 55, 56, 57, 58, 59, 60]
273	[]
274	[77, 78, 79, 80, 81, 82, 960, 961, 962, 963, 964, 965]
275	[]
276	[193, 194, 195, 196]
277	[]
278	[57, 58, 59, 60]
279	[57, 58, 59, 60, 61]
280	[]
281	[95, 96, 97, 98, 99, 100]
282	[496, 497, 498, 499, 500, 501]
283	[]
284	[0, 1, 2, 3]
285	[]
286	[19, 20, 21, 22, 23, 24, 25, 26, 28, 29, 30, 31, 32, 33, 34, 35, 36]
287	[]
288	[]
289	[199, 200, 201, 202, 203, 204]
290	[]
291	[296, 297, 298, 299, 300, 301]
292	[]
293	[6, 7, 8, 9, 10, 118, 119, 120, 121, 122, 123]
294	[9, 10, 11, 12, 13, 14, 271, 272, 273, 274, 275]
295	[190, 191, 192, 193, 194, 195]
296	[]
297	[19, 20, 21, 22, 23, 24, 49, 50, 51, 52]
298	[13, 14, 15, 16, 17, 18]
299	[]
300	[318, 319, 320, 321, 322, 323, 373, 374, 375, 376, 377, 378, 379, 380, 381]
301	[287, 288, 289, 290, 291, 292]
302	[374, 375, 376, 377, 378, 379, 380, 381]
303	[]
304	[52, 53, 54, 55, 431, 432, 433, 434, 435]
305	[28, 29, 30, 31, 32]
306	[]
307	[10, 11, 12, 13, 14, 15]
308	[232, 233, 234, 235]
309	[27, 28, 29, 30, 31, 32]
310	[68, 69, 70, 71, 72, 73, 74, 75, 76]
311	[194, 195, 196, 197, 215, 216, 217, 218, 219, 220]
312	[23, 24, 25, 26, 27, 28]
313	[42, 43, 44, 45, 46, 47]
314	[]
315	[]
316	[]
317	[54, 55, 56, 57, 58, 59]
318	[]
319	[8, 9, 10, 11, 12, 13]
320	[]
321	[21, 22, 23, 24, 25, 26]
322	[183, 184, 185, 186, 187, 188]
323	[]
324	[]
325	[31, 32, 33, 34, 35, 36]
326	[12, 13, 14, 15, 16, 17, 281, 282, 283, 284]
327	[]
328	[]
329	[]
330	[]
331	[]
332	[]
333	[116, 117, 118, 119, 120, 121, 122, 123, 124]
334	[36, 37, 38, 39, 40, 57, 58, 59, 60, 61, 62]
335	[]
336	[8, 9, 10, 11, 12, 13, 14, 15]
337	[26, 27, 28, 29]
338	[0, 1, 2, 3]
339	[]
340	[]
341	[]
342	[48, 49, 50, 51, 52]
343	[52, 53, 54, 55, 56]
344	[4, 5, 6, 7, 8, 9]
345	[80, 81, 82, 83, 84, 85]
346	[69, 70, 71, 72, 73, 74]
347	[21, 22, 23, 24]
348	[]
349	[4, 5, 6, 7, 8]
350	[]
351	[]
352	[10, 11, 12, 13, 14]
353	[30, 31, 32, 33, 34, 35]
354	[]
355	[124, 125, 126, 127]
356	[]
357	[20, 21, 22, 23, 24, 25]
358	[]
359	[]
360	[176, 177, 178, 179, 180, 181, 182, 183]
361	[4, 5, 6, 7, 8, 12, 13, 14, 15, 16]
362	[145, 146, 147, 148, 149, 150]
363	[]
364	[30, 31, 32, 33]
365	[8, 9, 10, 11, 12, 31, 32, 33, 34, 35]
366	[52, 53, 54, 55, 56]
367	[77, 78, 79, 80, 81, 82, 83, 84]
368	[156, 157, 158, 159, 160, 161]
369	[9, 10, 11, 12, 13, 14, 71, 72, 73, 74, 75, 76, 77, 78]
370	[]
371	[71, 72, 73, 74, 75, 76, 78, 79, 80, 81, 82]
372	[]
373	[30, 31, 32, 33, 34]
374	[76, 77, 78, 79, 80]
375	[13, 14, 15, 16, 17, 18]
376	[49, 50, 51, 52, 53]
377	[]
378	[]
379	[4, 5, 6, 7, 8, 9, 10, 11, 140, 141, 142, 143, 144, 145, 179, 180, 181, 182, 183]
380	[155, 156, 157, 158, 159]
381	[127, 128, 129, 130, 131]
382	[]
383	[45, 46, 47, 48, 49, 50]
384	[68, 69, 70, 71, 72, 73]
385	[69, 70, 71, 72, 73]
386	[0, 1, 2, 3, 4, 5]
387	[94, 95, 96, 97, 98, 99]
388	[16, 17, 18, 19, 20]
389	[37, 38, 39, 40, 41, 42, 43, 44, 45]
390	[]
391	[26, 27, 28, 29]
392	[86, 87, 88, 89, 90, 91]
393	[203, 204, 205, 206, 207, 208, 209, 210, 237, 238, 239, 240, 241, 242, 274, 275, 276, 277, 278, 279, 297, 298, 299, 300, 301, 302, 303, 304, 400, 401, 402, 403, 404, 405, 406, 407, 408]
394	[]
395	[]
396	[6, 7, 8, 9, 10, 11]
397	[27, 28, 29, 30]
398	[54, 55, 56, 57]
399	[100, 101, 102, 103, 104, 105, 170, 171, 172, 173, 174, 175, 176, 177, 178, 617, 618, 619, 620, 621, 622, 623, 624]
400	[261, 262, 263, 264, 265, 266]
401	[]
402	[]
403	[118, 119, 120, 121, 122, 123]
404	[21, 22, 23, 24, 25, 26]
405	[57, 58, 59, 60, 61, 62]
406	[81, 82, 83, 84, 185, 186, 187, 188, 189]
407	[]
408	[]
409	[65, 66, 67, 68, 69, 80, 81, 82, 83, 84, 85]
410	[55, 56, 57, 58, 59, 60, 61, 62]
411	[]
412	[]
413	[55, 56, 57, 58, 59, 60]
414	[37, 38, 39, 40, 41, 42, 43, 44, 45]
415	[8, 9, 10, 11, 12, 64, 65, 66, 67]
416	[82, 83, 84, 85, 86, 87, 88, 89, 90]
417	[23, 24, 25, 26, 27]
418	[]
419	[]
420	[]
421	[38, 39, 40, 41, 42, 43, 44, 45]
422	[24, 25, 26, 27, 28]
423	[]
424	[64, 65, 66, 67, 68, 120, 121, 122, 123, 124, 125]
425	[]
426	[141, 142, 143, 144, 145, 146]
427	[17, 18, 19, 20]
428	[64, 65, 66, 67, 68, 69]
429	[]
430	[7, 8, 9, 10, 11, 12, 13, 14, 61, 62, 63, 64]
431	[]
432	[15, 16, 17, 18, 19, 20]
433	[131, 132, 133, 134]
434	[]
435	[7, 8, 9, 10, 11, 12]
436	[]
437	[8, 9, 10, 11, 12, 13]
438	[13, 14, 15, 16]
439	[311, 312, 313, 314]
440	[159, 160, 161, 162]
441	[27, 28, 29, 30, 31]
442	[]
443	[451, 452, 453, 454, 455]
444	[]
445	[6, 7, 8, 9, 10, 11]
446	[18, 19, 20, 21]
447	[]
448	[]
449	[]
450	[]
451	[]
452	[72, 73, 74, 75, 76, 77]
453	[]
454	[59, 60, 61, 62, 63]
455	[134, 135, 136, 137, 138, 139, 142, 143, 144, 145, 146, 147, 148, 149]
456	[74, 75, 76, 77, 78, 79, 95, 96, 97, 98, 99, 100]
457	[]
458	[261, 262, 263, 264, 265, 266, 267, 268, 360, 361, 362, 363, 364, 365, 366, 367]
459	[68, 69, 70, 71, 72]
460	[39, 40, 41, 42, 43]
461	[19, 20, 21, 22, 173, 174, 175, 176, 177, 178, 179, 180]
462	[]
463	[]
464	[23, 24, 25, 26, 27]
465	[]
466	[]
467	[]
468	[397, 398, 399, 400, 401, 402, 403, 404, 843, 844, 845, 846, 847, 848, 849, 850]
469	[37, 38, 39, 40, 41, 42]
470	[37, 38, 39, 40, 41, 42, 43, 44, 45]
471	[29, 30, 31, 32, 33, 34, 35, 36]
472	[31, 32, 33, 34, 35]
473	[]
474	[64, 65, 66, 67, 68, 69]
475	[]
476	[]
477	[58, 59, 60, 61, 62, 63, 64, 65]
478	[]
479	[]
480	[]
481	[]
482	[]
483	[]
484	[189, 190, 191, 192, 193]
485	[14, 15, 16, 17, 18, 19, 20, 21]
486	[32, 33, 34, 35, 36, 37]
487	[72, 73, 74, 75]
488	[]
489	[]
490	[]
491	[15, 16, 17, 18, 19]
492	[]
493	[114, 115, 116, 117, 118, 119]
494	[]
495	[]
496	[]
497	[17, 18, 19, 20]
498	[239, 240, 241, 242]
499	[0, 1, 2, 3, 4, 5]
500	[35, 36, 37, 38, 39]
501	[]
502	[47, 48, 49, 50, 51, 52, 282, 283, 284, 285, 286, 287, 288, 289, 367, 368, 369, 370, 371, 372, 373, 374, 375]
503	[130, 131, 132, 133, 134, 135]
504	[30, 31, 32, 33, 34, 35, 41, 42, 43, 44, 45, 46, 47, 48]
505	[58, 59, 60, 61, 62]
506	[]
507	[218, 219, 220, 221, 222, 223]
508	[25, 26, 27, 28, 29]
509	[]
510	[163, 164, 165, 166, 167, 168]
511	[]
512	[179, 180, 181, 182, 183]
513	[]
514	[15, 16, 17, 18]
515	[457, 458, 459, 460, 461]
516	[90, 91, 92, 93, 94]
517	[14, 15, 16, 17]
518	[42, 43, 44, 45, 46, 47, 48, 49, 50]
519	[45, 46, 47, 48, 49, 50, 51, 52, 82, 83, 84, 85, 86, 87, 88, 89, 90]
520	[22, 23, 24, 25, 26, 103, 104, 105, 106, 107, 108, 246, 247, 248, 249, 250, 251, 252, 253]
521	[19, 20, 21, 22, 23, 24]
522	[6, 7, 8, 9, 10, 11]
523	[13, 14, 15, 16, 17, 18, 63, 64, 65, 66]
524	[]
525	[102, 103, 104, 105]
526	[21, 22, 23, 24, 25, 26, 27, 28]
527	[]
528	[]
529	[51, 52, 53, 54, 55, 56, 57, 58]
530	[15, 16, 17, 18, 19]
531	[15, 16, 17, 18, 19, 20]
532	[26, 27, 28, 29, 30, 31]
533	[16, 17, 18, 19, 20, 21]
534	[18, 19, 20, 21, 22]
535	[14, 15, 16, 17]
536	[]
537	[]
538	[61, 62, 63, 64, 65]
539	[8, 9, 10, 11, 12]
540	[]
541	[]
542	[390, 391, 392, 393, 394, 395]
543	[25, 26, 27, 28, 29]
544	[]
545	[20, 21, 22, 23, 24, 25, 26, 27, 230, 231, 232, 233, 234, 235, 236, 237, 238]
546	[]
547	[222, 223, 224, 225]
548	[265, 266, 267, 268, 269, 270, 295, 296, 297, 298, 299, 400, 401, 402, 403, 485, 486, 487, 488, 489, 490]
549	[125, 126, 127, 128, 129, 130]
550	[28, 29, 30, 31, 32, 33]
551	[135, 136, 137, 138, 139, 140, 157, 158, 159, 160, 161]
552	[]
553	[0, 1, 2, 3]
554	[]
555	[]
556	[985, 986, 987, 988]
557	[19, 20, 21, 22, 23, 24, 114, 115, 116, 117]
558	[]
559	[]
560	[7, 8, 9, 10, 11, 12]
561	[206, 207, 208, 209, 210, 211]
562	[95, 96, 97, 98, 99, 100]
563	[14, 15, 16, 17, 18]
564	[]
565	[9, 10, 11, 12, 13, 14, 209, 210, 211, 212]
566	[12, 13, 14, 15]
567	[11, 12, 13, 14, 15]
568	[0, 1, 2, 3]
569	[]
570	[7, 8, 9, 10]
571	[29, 30, 31, 32, 33, 34, 35, 36]
572	[11, 12, 13, 14, 15]
573	[116, 117, 118, 119, 120]
574	[0, 1, 2, 3]
575	[4, 5, 6, 7, 8, 9, 39, 40, 41, 42, 43, 44, 45, 46]
576	[13, 14, 15, 16]
577	[31, 32, 33, 34, 35]
578	[118, 119, 120, 121, 122, 123]
579	[35, 36, 37, 38, 39, 40, 41, 42]
580	[]
581	[140, 141, 142, 143, 144, 145]
582	[]
583	[110, 111, 112, 113]
584	[]
585	[44, 45, 46, 47, 48, 49]
586	[6, 7, 8, 9, 10, 11, 12, 13]
587	[175, 176, 177, 178]
588	[277, 278, 279, 280, 281, 282]
589	[85, 86, 87, 88, 89, 90, 91, 92, 93]
590	[20, 21, 22, 23, 24, 25]
591	[60, 61, 62, 63, 64, 65]
592	[177, 178, 179, 180, 181, 182]
593	[11, 12, 13, 14, 15, 16, 17, 18, 39, 40, 41, 42, 43, 44]
594	[4, 5, 6, 7]
595	[]
596	[32, 33, 34, 35]
597	[]
598	[381, 382, 383, 384]
599	[116, 117, 118, 119, 120, 121]
600	[64, 65, 66, 67, 68, 69, 70, 71, 72]
601	[]
602	[]
603	[]
604	[0, 1, 2, 3, 4, 5, 6, 7]
605	[18, 19, 20, 21, 22]
606	[55, 56, 57, 58, 59, 60]
607	[20, 21, 22, 23, 24, 25, 26, 27, 28]
608	[13, 14, 15, 16, 17, 18]
609	[7, 8, 9, 10, 11]
610	[35, 36, 37, 38, 39, 40]
611	[435, 436, 437, 438, 439]
612	[53, 54, 55, 56]
613	[37, 38, 39, 40, 41, 42, 43, 44]
614	[24, 25, 26, 27, 28, 29]
615	[18, 19, 20, 21, 22]
616	[362, 363, 364, 365, 366, 367]
617	[18, 19, 20, 21, 22]
618	[]
619	[45, 46, 47, 48, 49, 50, 66, 67, 68, 69, 70, 71, 72, 73]
620	[116, 117, 118, 119, 120, 183, 184, 185, 186, 187]
621	[7, 8, 9, 10, 11, 12, 17, 18, 19, 20]
622	[]
623	[701, 702, 703, 704]
624	[9, 10, 11, 12, 13, 14]
625	[51, 52, 53, 54, 55, 56]
626	[127, 128, 129, 130]
627	[]
628	[]
629	[196, 197, 198, 199, 200]
630	[]
631	[65, 66, 67, 68, 69]
632	[15, 16, 17, 18, 19, 20, 21, 22]
633	[19, 20, 21, 22, 23, 24]
634	[]
635	[]
636	[96, 97, 98, 99, 100, 101, 102, 103]
637	[]
638	[16, 17, 18, 19, 20, 21]
639	[3, 4, 5, 6, 7]
640	[76, 77, 78, 79, 80, 81]
641	[9, 10, 11, 12, 13]
642	[]
643	[105, 106, 107, 108, 109, 110, 726, 727, 728, 729]
644	[291, 292, 293, 294, 295, 296]
645	[]
646	[44, 45, 46, 47, 48]
647	[79, 80, 81, 82, 83, 84]
648	[107, 108, 109, 110, 111, 112, 113, 114]
649	[]
650	[15, 16, 17, 18]
651	[39, 40, 41, 42, 43, 75, 76, 77, 78]
652	[16, 17, 18, 19, 20, 21]
653	[]
654	[373, 374, 375, 376, 377, 378]
655	[7, 8, 9, 10, 11, 12, 13, 14, 15]
656	[13, 14, 15, 16, 17, 60, 61, 62, 63]
657	[22, 23, 24, 25, 26]
658	[]
659	[43, 44, 45, 46, 47, 48]
660	[97, 98, 99, 100]
661	[0, 1, 2, 3, 4, 8, 9, 10, 11]
662	[]
663	[]
664	[]
665	[95, 96, 97, 98, 99, 100, 101, 102, 249, 250, 251, 252]
666	[]
667	[]
668	[]
669	[]
670	[]
671	[134, 135, 136, 137]
672	[19, 20, 21, 22, 23]
673	[140, 141, 142, 143, 144, 145]
674	[]
675	[319, 320, 321, 322, 323]
676	[335, 336, 337, 338, 339, 614, 615, 616, 617, 618, 619]
677	[13, 14, 15, 16, 17]
678	[]
679	[]
680	[51, 52, 53, 54]
681	[]
682	[]
683	[20, 21, 22, 23]
684	[]
685	[]
686	[42, 43, 44, 45, 46, 47]
687	[]
688	[58, 59, 60, 61]
689	[34, 35, 36, 37, 38, 39]
690	[28, 29, 30, 31, 32, 33]
691	[115, 116, 117, 118, 119, 120]
692	[]
693	[141, 142, 143, 144, 145, 146]
694	[23, 24, 25, 26, 27]
695	[]
696	[15, 16, 17, 18, 19]
697	[193, 194, 195, 196, 197, 198, 231, 232, 233, 234, 235]
698	[]
699	[]
700	[569, 570, 571, 572, 573, 574]
701	[103, 104, 105, 106, 107, 108, 109, 110, 111]
702	[34, 35, 36, 37, 38]
703	[]
704	[]
705	[144, 145, 146, 147, 148, 149]
706	[]
707	[]
708	[149, 150, 151, 152, 153, 533, 534, 535, 536]
709	[19, 20, 21, 22, 23, 24]
710	[58, 59, 60, 61, 62, 63]
711	[211, 212, 213, 214, 215]
712	[327, 328, 329, 330, 331, 332]
713	[]
714	[]
715	[145, 146, 147, 148, 149, 150]
716	[0, 1, 2, 3, 4, 5]
717	[]
718	[196, 197, 198, 199, 200]
719	[141, 142, 143, 144, 145, 146]
720	[172, 173, 174, 175]
721	[72, 73, 74, 75]
722	[231, 232, 233, 234, 235, 236, 237, 238, 239]
723	[26, 27, 28, 29, 30, 31]
724	[]
725	[96, 97, 98, 99, 100, 101]
726	[77, 78, 79, 80, 81, 82]
727	[81, 82, 83, 84, 85, 86]
728	[]
729	[]
730	[]
731	[]
732	[15, 16, 17, 18, 19, 20, 225, 226, 227, 228]
733	[68, 69, 70, 71, 72, 73]
734	[]
735	[22, 23, 24, 25, 26, 27, 28, 29, 30]
736	[]
737	[46, 47, 48, 49, 50, 51, 52, 102, 103, 104, 105, 106]
738	[0, 1, 2, 3, 4, 5]
739	[70, 71, 72, 73]
740	[164, 165, 166, 167, 168, 169, 170, 171]
741	[]
742	[25, 26, 27, 28, 29, 30]
743	[714, 715, 716, 717, 718, 719]
744	[49, 50, 51, 52, 53, 54, 117, 118, 119, 120]
745	[243, 244, 245, 246, 247]
746	[14, 15, 16, 17, 18, 19, 20, 21]
747	[]
748	[]
749	[9, 10, 11, 12, 13]
750	[10, 11, 12, 13, 14, 78, 79, 80, 81]
751	[]
752	[23, 24, 25, 26, 27, 28]
753	[398, 399, 400, 401]
754	[48, 49, 50, 51, 52, 53]
755	[16, 17, 18, 19, 20]
756	[0, 1, 2, 3]
757	[61, 62, 63, 64, 65]
758	[22, 23, 24, 25]
759	[]
760	[15, 16, 17, 18, 19, 20]
761	[37, 38, 39, 40, 41]
762	[]
763	[]
764	[178, 179, 180, 181]
765	[5, 6, 7, 8, 9, 10]
766	[]
767	[13, 14, 15, 16, 17, 18]
768	[]
769	[]
770	[26, 27, 28, 29, 30]
771	[28, 29, 30, 31]
772	[51, 52, 53, 54, 55, 56]
773	[]
774	[8, 9, 10, 11, 12, 116, 117, 118, 119, 120, 121, 122, 123]
775	[96, 97, 98, 99, 100, 101]
776	[5, 6, 7, 8, 9]
777	[310, 311, 312, 313, 314, 315, 316, 317]
778	[4, 5, 6, 7, 8, 9, 10, 11]
779	[]
780	[10, 11, 12, 13, 14, 15]
781	[]
782	[19, 20, 21, 22, 23]
783	[]
784	[11, 12, 13, 14, 15, 16]
785	[18, 19, 20, 21]
786	[159, 160, 161, 162]
787	[33, 34, 35, 36, 37, 38, 39, 40, 41]
788	[218, 219, 220, 221, 222, 223, 224, 225]
789	[133, 134, 135, 136, 137]
790	[63, 64, 65, 66, 67, 68, 69, 70, 71]
791	[685, 686, 687, 688, 689, 690, 691, 692]
792	[20, 21, 22, 23, 24]
793	[77, 78, 79, 80, 81, 82, 83, 84]
794	[582, 583, 584, 585]
795	[87, 88, 89, 90, 365, 366, 367, 368, 369, 370, 450, 451, 452, 453, 454, 455, 456, 457, 458]
796	[]
797	[]
798	[50, 51, 52, 53, 54, 55, 56, 57, 58, 180, 181, 182, 183, 184, 185, 186, 187]
799	[234, 235, 236, 237, 337, 338, 339, 340, 341, 342]
800	[]
801	[]
802	[15, 16, 17, 18, 19, 108, 109, 110, 111]
803	[8, 9, 10, 11]
804	[33, 34, 35, 36, 37]
805	[182, 183, 184, 185, 186, 187]
806	[16, 17, 18, 19, 20, 21]
807	[9, 10, 11, 12, 13]
808	[]
809	[]
810	[]
811	[18, 19, 20, 21, 22, 23]
812	[129, 130, 131, 132, 133, 259, 260, 261, 262, 263, 264]
813	[220, 221, 222, 223, 224]
814	[20, 21, 22, 23, 24]
815	[]
816	[]
817	[]
818	[32, 33, 34, 35, 36, 76, 77, 78, 79, 80, 104, 105, 106, 107]
819	[953, 954, 955, 956]
820	[16, 17, 18, 19, 20, 21]
821	[63, 64, 65, 66, 67, 68, 69, 70, 71, 170, 171, 172, 173, 174, 175, 176, 177, 179, 180, 181, 182, 183]
822	[]
823	[173, 174, 175, 176, 177]
824	[111, 112, 113, 114, 309, 310, 311, 312, 313]
825	[138, 139, 140, 141, 142]
826	[]
827	[]
828	[]
829	[]
830	[]
831	[14, 15, 16, 17, 18, 19]
832	[]
833	[0, 1, 2, 3]
834	[17, 18, 19, 20]
835	[22, 23, 24, 25, 26, 27]
836	[]
837	[8, 9, 10, 11, 12]
838	[17, 18, 19, 20]
839	[17, 18, 19, 20, 21, 22, 23, 24]
840	[69, 70, 71, 72, 73]
841	[]
842	[0, 1, 2, 3, 4, 198, 199, 200, 201, 202, 203]
843	[21, 22, 23, 24, 25, 26]
844	[]
845	[40, 41, 42, 43, 44, 45, 46, 47, 48]
846	[210, 211, 212, 213, 214, 215, 216, 217]
847	[]
848	[117, 118, 119, 120]
849	[12, 13, 14, 15, 16, 17]
850	[]
851	[37, 38, 39, 40, 41, 42]
852	[]
853	[70, 71, 72, 73, 74, 75, 76, 77]
854	[80, 81, 82, 83, 84, 85]
855	[60, 61, 62, 63, 64, 65]
856	[15, 16, 17, 18]
857	[5, 6, 7, 8, 9, 10]
858	[37, 38, 39, 40, 41, 42]
859	[40, 41, 42, 43, 44, 320, 321, 322, 323]
860	[145, 146, 147, 148, 149, 150]
861	[]
862	[21, 22, 23, 24, 25, 26, 27, 28, 29]
863	[166, 167, 168, 169, 170, 171]
864	[100, 101, 102, 103, 104, 105]
865	[]
866	[92, 93, 94, 95, 96, 97, 98, 99]
867	[]
868	[694, 695, 696, 697, 698, 699, 984, 985, 986, 987, 988, 989, 990, 991, 992]
869	[22, 23, 24, 25, 26, 27]
870	[]
871	[606, 607, 608, 609, 610, 611]
872	[58, 59, 60, 61]
873	[]
874	[19, 20, 21, 22]
875	[177, 178, 179, 180, 181, 182]
876	[]
877	[0, 1, 2, 3]
878	[]
879	[]
880	[94, 95, 96, 97, 98, 99]
881	[0, 1, 2, 3]
882	[122, 123, 124, 125, 126, 127]
883	[311, 312, 313, 314]
884	[8, 9, 10, 11, 12]
885	[99, 100, 101, 102]
886	[]
887	[150, 151, 152, 153, 154, 189, 190, 191, 192, 193]
888	[14, 15, 16, 17, 18, 19]
889	[237, 238, 239, 240, 241, 242]
890	[]
891	[]
892	[36, 37, 38, 39]
893	[0, 1, 2, 3, 4, 5]
894	[]
895	[]
896	[14, 15, 16, 17, 18, 19]
897	[]
898	[0, 1, 2, 3, 4, 5]
899	[]
900	[77, 78, 79, 80, 81, 82]
901	[141, 142, 143, 144, 145, 146]
902	[]
903	[]
904	[]
905	[7, 8, 9, 10]
906	[176, 177, 178, 179, 180, 181]
907	[]
908	[]
909	[]
910	[]
911	[291, 292, 293, 294, 295, 296, 297, 298, 299]
912	[]
913	[]
914	[8, 9, 10, 11, 12]
915	[]
916	[22, 23, 24, 25, 26]
917	[132, 133, 134, 135]
918	[10, 11, 12, 13, 14, 15]
919	[]
920	[]
921	[63, 64, 65, 66, 67]
922	[41, 42, 43, 44, 45, 46]
923	[73, 74, 75, 76]
924	[50, 51, 52, 53]
925	[59, 60, 61, 62, 63, 64]
926	[101, 102, 103, 104, 105, 106]
927	[44, 45, 46, 47, 48, 49, 66, 67, 68, 69, 70, 71]
928	[]
929	[63, 64, 65, 66, 67, 68, 69, 70, 71]
930	[36, 37, 38, 39, 40, 41, 74, 75, 76, 77, 635, 636, 637, 638]
931	[]
932	[40, 41, 42, 43, 44, 45]
933	[]
934	[]
935	[]
936	[]
937	[]
938	[296, 297, 298, 299, 300, 301, 302, 303, 305, 306, 307, 308, 309]
939	[8, 9, 10, 11, 12, 13]
940	[0, 1, 2, 3, 4, 5]
941	[0, 1, 2, 3, 4, 5]
942	[14, 15, 16, 17, 18, 19]
943	[]
944	[]
945	[18, 19, 20, 21, 22]
946	[]
947	[8, 9, 10, 11]
948	[]
949	[42, 43, 44, 45, 46]
950	[]
951	[40, 41, 42, 43, 44]
952	[]
953	[198, 199, 200, 201, 202]
954	[61, 62, 63, 64, 65, 66]
955	[]
956	[]
957	[]
958	[]
959	[]
960	[]
961	[27, 28, 29, 30, 31, 32]
962	[]
963	[99, 100, 101, 102, 103, 104]
964	[]
965	[122, 123, 124, 125, 126, 127]
966	[15, 16, 17, 18, 19]
967	[48, 49, 50, 51, 52, 53, 54, 55, 162, 163, 164, 165, 166]
968	[87, 88, 89, 90, 91, 92, 93, 94, 95]
969	[]
970	[109, 110, 111, 112, 113, 114]
971	[78, 79, 80, 81]
972	[]
973	[34, 35, 36, 37, 38, 39]
974	[17, 18, 19, 20, 21]
975	[0, 1, 2, 3]
976	[217, 218, 219, 220, 221]
977	[]
978	[62, 63, 64, 65, 66, 67]
979	[68, 69, 70, 71, 72, 73]
980	[]
981	[7, 8, 9, 10, 11, 12]
982	[167, 168, 169, 170, 171, 172]
983	[14, 15, 16, 17, 18]
984	[]
985	[]
986	[]
987	[205, 206, 207, 208, 209]
988	[19, 20, 21, 22, 23, 24, 25, 26]
989	[63, 64, 65, 66, 67, 195, 196, 197, 198, 199, 200, 201, 202, 203]
990	[]
991	[]
992	[]
993	[]
994	[]
995	[108, 109, 110, 111, 112, 113]
996	[8, 9, 10, 11, 12]
997	[278, 279, 280, 281, 282, 283]
998	[14, 15, 16, 17, 18]
999	[7, 8, 9, 10, 11, 12, 13, 14]
1000	[135, 136, 137, 138, 339, 340, 341, 342, 343, 344]
1001	[5, 6, 7, 8]
1002	[175, 176, 177, 178, 179, 180]
1003	[154, 155, 156, 157, 158, 240, 241, 242, 243, 244, 245]
1004	[]
1005	[5, 6, 7, 8, 9, 10]
1006	[932, 933, 934, 935, 936, 937]
1007	[143, 144, 145, 146, 147, 148]
1008	[91, 92, 93, 94, 95, 96]
1009	[51, 52, 53, 54, 55]
1010	[]
1011	[]
1012	[18, 19, 20, 21, 22, 23]
1013	[0, 1, 2, 3, 4, 5]
1014	[41, 42, 43, 44, 45, 46]
1015	[33, 34, 35, 36, 37, 38]
1016	[156, 157, 158, 159, 160]
1017	[127, 128, 129, 130, 131]
1018	[]
1019	[3, 4, 5, 6, 7]
1020	[106, 107, 108, 109, 110, 111, 112, 113, 114]
1021	[12, 13, 14, 15, 16, 17]
1022	[23, 24, 25, 26, 27, 28]
1023	[166, 167, 168, 169, 170, 171]
1024	[]
1025	[387, 388, 389, 390, 391]
1026	[16, 17, 18, 19, 20, 21, 22, 23]
1027	[]
1028	[232, 233, 234, 235, 236, 237, 238, 239, 240]
1029	[200, 201, 202, 203, 204]
1030	[]
1031	[8, 9, 10, 11]
1032	[189, 190, 191, 192, 193, 194]
1033	[428, 429, 430, 431, 432, 433]
1034	[]
1035	[104, 105, 106, 107, 108, 109]
1036	[0, 1, 2, 3, 4, 5, 6, 7]
1037	[]
1038	[241, 242, 243, 244]
1039	[12, 13, 14, 15, 16]
1040	[25, 26, 27, 28]
1041	[]
1042	[110, 111, 112, 113]
1043	[38, 39, 40, 41, 42, 43]
1044	[]
1045	[133, 134, 135, 136, 137, 138]
1046	[]
1047	[36, 37, 38, 39]
1048	[]
1049	[]
1050	[72, 73, 74, 75, 76]
1051	[43, 44, 45, 46]
1052	[7, 8, 9, 10, 11, 12]
1053	[]
1054	[31, 32, 33, 34, 35]
1055	[96, 97, 98, 99, 100, 101]
1056	[29, 30, 31, 32, 33, 34]
1057	[67, 68, 69, 70]
1058	[]
1059	[4, 5, 6, 7, 8]
1060	[]
1061	[204, 205, 206, 207, 208]
1062	[]
1063	[19, 20, 21, 22, 23]
1064	[]
1065	[]
1066	[115, 116, 117, 118]
1067	[185, 186, 187, 188, 189, 190, 191, 192]
1068	[]
1069	[61, 62, 63, 64, 253, 254, 255, 256, 257, 258]
1070	[126, 127, 128, 129, 130, 240, 241, 242, 243, 249, 250, 251, 252, 253, 254]
1071	[217, 218, 219, 220, 221, 222]
1072	[32, 33, 34, 35]
1073	[248, 249, 250, 251, 252, 253]
1074	[81, 82, 83, 84, 85, 86]
1075	[227, 228, 229, 230, 231, 232]
1076	[193, 194, 195, 196, 197, 198]
1077	[]
1078	[31, 32, 33, 34, 35, 36, 37, 38]
1079	[108, 109, 110, 111, 124, 125, 126, 127, 128, 129, 130]
1080	[]
1081	[45, 46, 47, 48, 49, 50, 51, 52]
1082	[24, 25, 26, 27, 28, 29, 30, 31, 78, 79, 80, 81, 82]
1083	[18, 19, 20, 21, 22, 23]
1084	[196, 197, 198, 199, 200]
1085	[52, 53, 54, 55]
1086	[]
1087	[]
1088	[51, 52, 53, 54, 55, 56]
1089	[]
1090	[]
1091	[4, 5, 6, 7, 138, 139, 140, 141, 142]
1092	[20, 21, 22, 23, 25, 26, 27, 28, 29, 30, 31]
1093	[39, 40, 41, 42, 43, 44, 45, 46, 47]
1094	[45, 46, 47, 48, 49, 50]
1095	[4, 5, 6, 7, 8, 185, 186, 187, 188, 189, 190, 191, 192]
1096	[4, 5, 6, 7, 8]
1097	[]
1098	[133, 134, 135, 136, 137, 138]
1099	[10, 11, 12, 13, 14, 15]
1100	[184, 185, 186, 187, 188, 189, 228, 229, 230, 231]
1101	[]
1102	[22, 23, 24, 25, 26, 27]
1103	[3, 4, 5, 6, 7, 8]
1104	[39, 40, 41, 42, 43, 44]
1105	[61, 62, 63, 64, 65, 66, 67, 68, 74, 75, 76, 77, 78, 79]
1106	[73, 74, 75, 76, 77, 78, 158, 159, 160, 161, 162, 163, 164, 165, 166, 330, 331, 332, 333, 334, 335]
1107	[51, 52, 53, 54, 55]
1108	[15, 16, 17, 18, 19, 20]
1109	[]
1110	[]
1111	[186, 187, 188, 189, 190]
1112	[126, 127, 128, 129, 130]
1113	[111, 112, 113, 114, 115, 116]
1114	[20, 21, 22, 23, 24]
1115	[30, 31, 32, 33, 52, 53, 54, 55, 56, 57, 58, 59, 61, 62, 63, 64, 65]
1116	[]
1117	[8, 9, 10, 11, 12, 54, 55, 56, 57, 58, 59, 102, 103, 104, 105, 167, 168, 169, 170, 171, 172, 173, 174, 175]
1118	[117, 118, 119, 120, 340, 341, 342, 343, 344]
1119	[]
1120	[]
1121	[]
1122	[]
1123	[44, 45, 46, 47]
1124	[14, 15, 16, 17, 18, 19]
1125	[4, 5, 6, 7, 8, 9]
1126	[140, 141, 142, 143, 144, 145, 146, 147]
1127	[304, 305, 306, 307, 308]
1128	[21, 22, 23, 24, 25, 26, 46, 47, 48, 49, 50, 51, 52, 53]
1129	[]
1130	[]
1131	[24, 25, 26, 27, 28, 103, 104, 105, 106, 107, 108, 109, 110, 111]
1132	[]
1133	[]
1134	[182, 183, 184, 185, 186, 187]
1135	[]
1136	[20, 21, 22, 23, 24]
1137	[]
1138	[32, 33, 34, 35, 36, 37, 38, 39, 40]
1139	[]
1140	[55, 56, 57, 58, 59, 60]
1141	[]
1142	[25, 26, 27, 28, 29, 30]
1143	[235, 236, 237, 238, 239]
1144	[0, 1, 2, 3, 4, 5, 6, 7]
1145	[14, 15, 16, 17, 18]
1146	[110, 111, 112, 113, 114, 115, 116, 117, 118]
1147	[137, 138, 139, 140, 141]
1148	[13, 14, 15, 16, 17, 18, 318, 319, 320, 321]
1149	[8, 9, 10, 11]
1150	[]
1151	[15, 16, 17, 18]
1152	[29, 30, 31, 32]
1153	[31, 32, 33, 34, 35]
1154	[]
1155	[23, 24, 25, 26, 27, 28]
1156	[24, 25, 26, 27, 28, 29, 75, 76, 77, 78]
1157	[]
1158	[5, 6, 7, 8]
1159	[]
1160	[]
1161	[]
1162	[]
1163	[39, 40, 41, 42, 43, 44]
1164	[257, 258, 259, 260, 261, 262]
1165	[79, 80, 81, 82, 83]
1166	[16, 17, 18, 19, 20]
1167	[]
1168	[62, 63, 64, 65]
1169	[]
1170	[19, 20, 21, 22]
1171	[161, 162, 163, 164]
1172	[]
1173	[]
1174	[119, 120, 121, 122, 123, 124, 125, 126]
1175	[]
1176	[37, 38, 39, 40, 41]
1177	[6, 7, 8, 9, 67, 68, 69, 70, 71, 72, 73, 74, 75]
1178	[34, 35, 36, 37, 38]
1179	[]
1180	[94, 95, 96, 97, 98]
1181	[]
1182	[45, 46, 47, 48, 547, 548, 549, 550, 551, 552]
1183	[12, 13, 14, 15, 16, 17, 82, 83, 84, 85]
1184	[85, 86, 87, 88, 89, 90, 115, 116, 117, 118, 119]
1185	[]
1186	[21, 22, 23, 24, 25]
1187	[50, 51, 52, 53, 54, 55]
1188	[129, 130, 131, 132, 133]
1189	[15, 16, 17, 18, 19, 20]
1190	[146, 147, 148, 149, 150, 151, 152, 153]
1191	[]
1192	[184, 185, 186, 187]
1193	[180, 181, 182, 183, 184, 185]
1194	[187, 188, 189, 190, 191]
1195	[]
1196	[71, 72, 73, 74, 75, 76, 77, 78]
1197	[113, 114, 115, 116, 117, 118]
1198	[68, 69, 70, 71, 72, 73, 74, 75, 76]
1199	[195, 196, 197, 198, 199, 200, 201]
1200	[39, 40, 41, 42, 43, 44]
1201	[]
1202	[84, 85, 86, 87, 88]
1203	[20, 21, 22, 23, 24, 25, 26, 27, 28]
1204	[31, 32, 33, 34, 35]
1205	[171, 172, 173, 174, 175]
1206	[25, 26, 27, 28, 29, 30, 31, 32, 33]
1207	[]
1208	[36, 37, 38, 39, 40, 41]
1209	[7, 8, 9, 10, 11]
1210	[94, 95, 96, 97]
1211	[234, 235, 236, 237, 238, 239]
1212	[58, 59, 60, 61]
1213	[120, 121, 122, 123, 124, 125]
1214	[0, 1, 2, 3, 4, 5]
1215	[171, 172, 173, 174]
1216	[]
1217	[237, 238, 239, 240, 241, 242]
1218	[]
1219	[]
1220	[152, 153, 154, 155, 156, 157]
1221	[48, 49, 50, 51]
1222	[81, 82, 83, 84, 85, 86, 87, 88, 89]
1223	[35, 36, 37, 38, 39, 40, 41, 42, 91, 92, 93, 94, 95, 96]
1224	[]
1225	[227, 228, 229, 230]
1226	[19, 20, 21, 22, 23, 24]
1227	[40, 41, 42, 43, 44, 45]
1228	[168, 169, 170, 171, 172, 173]
1229	[3, 4, 5, 6, 7, 8]
1230	[43, 44, 45, 46, 47, 48]
1231	[10, 11, 12, 13, 177, 178, 179, 180, 181]
1232	[213, 214, 215, 216, 217, 218]
1233	[16, 17, 18, 19, 20, 21, 22, 23]
1234	[9, 10, 11, 12, 13, 14, 15, 16]
1235	[]
1236	[]
1237	[91, 92, 93, 94, 95]
1238	[112, 113, 114, 115, 116, 117]
1239	[27, 28, 29, 30, 31]
1240	[]
1241	[]
1242	[73, 74, 75, 76, 77, 78, 214, 215, 216, 217, 218]
1243	[]
1244	[93, 94, 95, 96, 97]
1245	[]
1246	[127, 128, 129, 130, 131, 132]
1247	[84, 85, 86, 87, 88, 89]
1248	[93, 94, 95, 96]
1249	[21, 22, 23, 24, 25]
1250	[82, 83, 84, 85, 86, 87, 88, 89]
1251	[]
1252	[45, 46, 47, 48, 49, 50]
1253	[417, 418, 419, 420, 421, 422, 423, 424, 442, 443, 444, 445, 446, 447]
1254	[]
1255	[]
1256	[]
1257	[20, 21, 22, 23, 24]
1258	[]
1259	[124, 125, 126, 127, 128, 129, 130, 131]
1260	[]
1261	[0, 1, 2, 3, 4, 5]
1262	[8, 9, 10, 11, 12]
1263	[]
1264	[93, 94, 95, 96, 383, 384, 385, 386, 387]
1265	[19, 20, 21, 22, 23, 24, 25, 26]
1266	[]
1267	[]
1268	[14, 15, 16, 17, 18, 19, 20, 21]
1269	[63, 64, 65, 66]
1270	[0, 1, 2, 3, 4, 5, 56, 57, 58, 59]
1271	[]
1272	[168, 169, 170, 171, 172, 173, 174, 175]
1273	[4, 5, 6, 7, 8, 9, 10, 11]
1274	[15, 16, 17, 18, 19, 144, 145, 146, 147, 148, 149, 150, 151]
1275	[346, 347, 348, 349, 350]
1276	[171, 172, 173, 174, 175, 176]
1277	[]
1278	[]
1279	[0, 1, 2, 3, 4]
1280	[]
1281	[10, 11, 12, 13, 14]
1282	[]
1283	[74, 75, 76, 77, 78]
1284	[24, 25, 26, 27, 28, 29]
1285	[24, 25, 26, 27]
1286	[]
1287	[]
1288	[28, 29, 30, 31, 32]
1289	[31, 32, 33, 34, 35, 36, 37, 38, 39]
1290	[]
1291	[]
1292	[]
1293	[82, 83, 84, 85, 86, 87]
1294	[]
1295	[29, 30, 31, 32, 33, 34]
1296	[87, 88, 89, 90, 91, 92, 93, 94]
1297	[]
1298	[13, 14, 15, 16, 17]
1299	[]
1300	[]
1301	[97, 98, 99, 100, 101]
1302	[]
1303	[]
1304	[30, 31, 32, 33, 34, 35]
1305	[]
1306	[]
1307	[14, 15, 16, 17, 18, 19]
1308	[]
1309	[]
1310	[]
1311	[100, 101, 102, 103, 104, 105, 161, 162, 163, 164, 165, 166, 167, 168, 169]
1312	[]
1313	[]
1314	[8, 9, 10, 11, 12]
1315	[]
1316	[]
1317	[]
1318	[300, 301, 302, 303, 304, 305]
1319	[0, 1, 2, 3, 4, 5, 187, 188, 189, 190]
1320	[8, 9, 10, 11, 12, 13]
1321	[144, 145, 146, 147]
1322	[28, 29, 30, 31, 32, 64, 65, 66, 67, 68, 69]
1323	[0, 1, 2, 3, 4, 5]
1324	[]
1325	[]
1326	[]
1327	[]
1328	[]
1329	[19, 20, 21, 22, 23, 24]
1330	[]
1331	[97, 98, 99, 100, 101]
1332	[19, 20, 21, 22, 23]
1333	[]
1334	[15, 16, 17, 18, 19]
1335	[58, 59, 60, 61, 62, 63, 64, 65, 66]
1336	[]
1337	[]
1338	[]
1339	[21, 22, 23, 24, 25]
1340	[]
1341	[155, 156, 157, 158, 159, 160, 161, 162]
1342	[]
1343	[219, 220, 221, 222, 223, 224]
1344	[]
1345	[83, 84, 85, 86, 87, 88, 89, 90]
1346	[]
1347	[54, 55, 56, 57]
1348	[30, 31, 32, 33, 34]
1349	[]
1350	[]
1351	[158, 159, 160, 161, 162, 163, 330, 331, 332, 333, 334, 335, 336, 337]
1352	[]
1353	[115, 116, 117, 118, 119, 120]
1354	[75, 76, 77, 78, 79, 80, 211, 212, 213, 214, 215]
1355	[]
1356	[]
1357	[55, 56, 57, 58]
1358	[6, 7, 8, 9]
1359	[26, 27, 28, 29, 30]
1360	[]
1361	[17, 18, 19, 20, 21]
1362	[102, 103, 104, 105, 106, 107, 109, 110, 111, 112]
1363	[]
1364	[240, 241, 242, 243, 244]
1365	[]
1366	[292, 293, 294, 295]
1367	[]
1368	[0, 1, 2, 3]
1369	[58, 59, 60, 61, 96, 97, 98, 99, 100, 223, 224, 225, 226, 227, 228, 229, 230, 231]
1370	[79, 80, 81, 82, 83, 84, 85, 86]
1371	[]
1372	[]
1373	[]
1374	[25, 26, 27, 28, 29]
1375	[]
1376	[10, 11, 12, 13, 14, 15]
1377	[10, 11, 12, 13, 14, 15, 16, 17]
1378	[]
1379	[]
1380	[9, 10, 11, 12, 13, 14]
1381	[173, 174, 175, 176, 177]
1382	[]
1383	[]
1384	[]
1385	[142, 143, 144, 145, 146, 147, 148, 149]
1386	[]
1387	[41, 42, 43, 44, 45, 46]
1388	[17, 18, 19, 20, 21, 33, 34, 35, 36, 37]
1389	[4, 5, 6, 7, 8, 9, 122, 123, 124, 125, 126]
1390	[198, 199, 200, 201, 202, 203, 204, 205]
1391	[]
1392	[18, 19, 20, 21]
1393	[]
1394	[]
1395	[]
1396	[348, 349, 350, 351]
1397	[]
1398	[]
1399	[61, 62, 63, 64, 65]
1400	[12, 13, 14, 15, 16, 17]
1401	[46, 47, 48, 49]
1402	[8, 9, 10, 11, 12]
1403	[66, 67, 68, 69, 70, 71]
1404	[33, 34, 35, 36, 37, 38, 701, 702, 703, 704, 705]
1405	[]
1406	[214, 215, 216, 217, 218, 219]
1407	[]
1408	[]
1409	[17, 18, 19, 20]
1410	[30, 31, 32, 33, 34, 35, 57, 58, 59, 60, 61, 62, 63, 64]
1411	[146, 147, 148, 149, 150, 151]
1412	[]
1413	[]
1414	[]
1415	[181, 182, 183, 184, 185, 186]
1416	[]
1417	[14, 15, 16, 17, 18, 19]
1418	[]
1419	[251, 252, 253, 254, 255, 256, 257, 258, 259]
1420	[469, 470, 471, 472, 473, 474, 475, 476]
1421	[144, 145, 146, 147, 698, 699, 700, 701, 702]
1422	[12, 13, 14, 15, 16, 17]
1423	[130, 131, 132, 133, 134, 135]
1424	[12, 13, 14, 15, 16, 17]
1425	[61, 62, 63, 64, 65, 66, 67, 68]
1426	[11, 12, 13, 14, 15]
1427	[]
1428	[]
1429	[]
1430	[7, 8, 9, 10]
1431	[]
1432	[]
1433	[]
1434	[12, 13, 14, 15, 16]
1435	[]
1436	[334, 335, 336, 337]
1437	[39, 40, 41, 42, 43, 83, 84, 85, 86, 92, 93, 94, 95, 96]
1438	[]
1439	[]
1440	[95, 96, 97, 98, 99, 100]
1441	[284, 285, 286, 287, 288, 289, 290, 291]
1442	[]
1443	[]
1444	[]
1445	[179, 180, 181, 182]
1446	[523, 524, 525, 526, 527, 528, 529, 530]
1447	[34, 35, 36, 37]
1448	[248, 249, 250, 251, 252, 253]
1449	[]
1450	[]
1451	[]
1452	[]
1453	[5, 6, 7, 8, 9, 10, 125, 126, 127, 128]
1454	[305, 306, 307, 308]
1455	[]
1456	[68, 69, 70, 71, 72, 73, 74, 75]
1457	[4, 5, 6, 7, 8, 9, 10, 11]
1458	[]
1459	[]
1460	[]
1461	[]
1462	[]
1463	[449, 450, 451, 452, 453]
1464	[]
1465	[98, 99, 100, 101]
1466	[163, 164, 165, 166, 167]
1467	[]
1468	[87, 88, 89, 90]
1469	[]
1470	[]
1471	[40, 41, 42, 43, 44, 45]
1472	[9, 10, 11, 12, 13, 318, 319, 320, 321, 322, 323]
1473	[]
1474	[]
1475	[130, 131, 132, 133, 134]
1476	[292, 293, 294, 295, 364, 365, 366, 367, 368, 369]
1477	[230, 231, 232, 233, 234, 235]
1478	[]
1479	[373, 374, 375, 376, 377, 378, 379, 380, 381]
1480	[]
1481	[]
1482	[141, 142, 143, 144, 145, 146]
1483	[360, 361, 362, 363, 364, 365]
1484	[14, 15, 16, 17, 18, 19, 20, 21]
1485	[]
1486	[]
1487	[11, 12, 13, 14, 15]
1488	[140, 141, 142, 143, 144, 145]
1489	[120, 121, 122, 123, 124, 125, 126, 127, 491, 492, 493, 494, 495, 496, 497, 498]
1490	[]
1491	[10, 11, 12, 13]
1492	[135, 136, 137, 138, 139, 140]
1493	[]
1494	[194, 195, 196, 197, 198, 199]
1495	[30, 31, 32, 33, 34, 35]
1496	[22, 23, 24, 25, 26]
1497	[63, 64, 65, 66]
1498	[75, 76, 77, 78]
1499	[]
1500	[95, 96, 97, 98, 99]
1501	[]
1502	[]
1503	[68, 69, 70, 71]
1504	[]
1505	[]
1506	[]
1507	[15, 16, 17, 18, 19, 20, 161, 162, 163, 164, 165, 166, 167, 168]
1508	[18, 19, 20, 21, 22]
1509	[12, 13, 14, 15, 16, 17, 18, 19]
1510	[0, 1, 2, 3]
1511	[]
1512	[776, 777, 778, 779]
1513	[95, 96, 97, 98, 99, 100]
1514	[108, 109, 110, 111, 112, 240, 241, 242, 243, 244]
1515	[39, 40, 41, 42, 43]
1516	[]
1517	[70, 71, 72, 73, 74]
1518	[397, 398, 399, 400, 401, 402]
1519	[]
1520	[53, 54, 55, 56]
1521	[77, 78, 79, 80, 81, 82, 83, 84, 85, 212, 213, 214, 215, 216]
1522	[]
1523	[18, 19, 20, 21, 22, 23]
1524	[13, 14, 15, 16, 17, 18]
1525	[]
1526	[5, 6, 7, 8, 9, 10, 195, 196, 197, 198, 199, 200]
1527	[]
1528	[]
1529	[28, 29, 30, 31, 32, 33, 34]
1530	[52, 53, 54, 55, 56]
1531	[68, 69, 70, 71]
1532	[43, 44, 45, 46, 47, 48, 49, 50]
1533	[0, 1, 2, 3]
1534	[238, 239, 240, 241]
1535	[3, 4, 5, 6, 7, 8]
1536	[969, 970, 971, 972]
1537	[31, 32, 33, 34, 35, 36]
1538	[]
1539	[]
1540	[]
1541	[0, 1, 2, 3, 4, 5]
1542	[466, 467, 468, 469, 470, 471, 521, 522, 523, 524, 525, 581, 582, 583, 584]
1543	[]
1544	[]
1545	[308, 309, 310, 311, 312]
1546	[284, 285, 286, 287, 288, 289]
1547	[]
1548	[239, 240, 241, 242]
1549	[]
1550	[]
1551	[11, 12, 13, 14]
1552	[35, 36, 37, 38, 39]
1553	[]
1554	[0, 1, 2, 3, 4, 5, 6, 7, 19, 20, 21, 22, 23]
1555	[8, 9, 10, 11, 12, 13]
1556	[62, 63, 64, 65, 66]
1557	[4, 5, 6, 7]
1558	[381, 382, 383, 384, 385]
1559	[]
1560	[]
1561	[8, 9, 10, 11, 12, 13, 14, 15]
1562	[]
1563	[39, 40, 41, 42, 43, 44, 45, 46, 47]
1564	[56, 57, 58, 59, 60, 61]
1565	[16, 17, 18, 19]
1566	[]
1567	[99, 100, 101, 102, 103, 104]
1568	[]
1569	[]
1570	[]
1571	[121, 122, 123, 124, 125]
1572	[96, 97, 98, 99, 280, 281, 282, 283, 284, 285, 286, 287, 288]
1573	[]
1574	[85, 86, 87, 88, 89, 90]
1575	[]
1576	[]
1577	[]
1578	[40, 41, 42, 43, 44, 45, 46]
1579	[105, 106, 107, 108]
1580	[169, 170, 171, 172, 173]
1581	[4, 5, 6, 7, 8, 9]
1582	[]
1583	[115, 116, 117, 118, 119, 120]
1584	[10, 11, 12, 13, 14, 15, 16, 17, 18, 563, 564, 565, 566]
1585	[]
1586	[281, 282, 283, 284]
1587	[4, 5, 6, 7, 8, 9]
1588	[49, 50, 51, 52, 53, 54]
1589	[30, 31, 32, 33]
1590	[82, 83, 84, 85, 86, 87, 88, 89, 113, 114, 115, 116, 117]
1591	[]
1592	[]
1593	[50, 51, 52, 53, 54, 55, 173, 174, 175, 176, 177, 178]
1594	[26, 27, 28, 29, 30]
1595	[]
1596	[]
1597	[228, 229, 230, 231, 232, 233, 234, 250, 251, 252, 253, 254, 255, 256]
1598	[261, 262, 263, 264, 265, 266]
1599	[]
1600	[]
1601	[215, 216, 217, 218, 219, 220]
1602	[808, 809, 810, 811, 812, 813]
1603	[220, 221, 222, 223]
1604	[25, 26, 27, 28, 29, 135, 136, 137, 138, 139]
1605	[79, 80, 81, 82, 83]
1606	[]
1607	[15, 16, 17, 18, 19]
1608	[81, 82, 83, 84, 85, 86]
1609	[9, 10, 11, 12]
1610	[41, 42, 43, 44, 45, 46, 47, 48, 49]
1611	[]
1612	[]
1613	[]
1614	[]
1615	[]
1616	[]
1617	[62, 63, 64, 65, 66]
1618	[96, 97, 98, 99, 100]
1619	[20, 21, 22, 23, 24, 25]
1620	[]
1621	[55, 56, 57, 58, 59, 60]
1622	[10, 11, 12, 13, 14, 15, 16, 17, 18]
1623	[]
1624	[82, 83, 84, 85]
1625	[61, 62, 63, 64, 65]
1626	[25, 26, 27, 28, 29, 30, 142, 143, 144, 145]
1627	[11, 12, 13, 14, 15, 16, 17, 18, 20, 21, 22, 23]
1628	[31, 32, 33, 34, 35]
1629	[]
1630	[]
1631	[]
1632	[196, 197, 198, 199]
1633	[28, 29, 30, 31]
1634	[19, 20, 21, 22]
1635	[29, 30, 31, 32, 33, 34]
1636	[61, 62, 63, 64, 65, 66]
1637	[]
1638	[]
1639	[26, 27, 28, 29, 30]
1640	[101, 102, 103, 104, 105]
1641	[]
1642	[]
1643	[31, 32, 33, 34]
1644	[107, 108, 109, 110, 111]
1645	[49, 50, 51, 52, 53, 54]
1646	[718, 719, 720, 721, 722, 723, 724, 725]
1647	[]
1648	[118, 119, 120, 121, 122, 123]
1649	[64, 65, 66, 67, 68, 69, 70, 71]
1650	[14, 15, 16, 17, 18, 19, 20, 21, 23, 24, 25, 26, 64, 65, 66, 67, 68, 69]
1651	[]
1652	[]
1653	[16, 17, 18, 19, 20, 21]
1654	[]
1655	[10, 11, 12, 13, 14, 95, 96, 97, 98, 99, 100]
1656	[]
1657	[106, 107, 108, 109, 110, 111]
1658	[286, 287, 288, 289, 290, 291, 292, 293, 294]
1659	[12, 13, 14, 15]
1660	[40, 41, 42, 43, 44, 45, 46, 47]
1661	[]
1662	[]
1663	[57, 58, 59, 60, 61, 62, 63, 64]
1664	[]
1665	[79, 80, 81, 82, 83, 84]
1666	[20, 21, 22, 23, 24, 25, 26, 27, 58, 59, 60, 61]
1667	[]
1668	[]
1669	[31, 32, 33, 34, 35, 36, 37, 38, 39]
1670	[]
1671	[]
1672	[201, 202, 203, 204, 205]
1673	[]
1674	[67, 68, 69, 70, 71, 109, 110, 111, 112, 113, 114, 115, 116, 201, 202, 203, 204, 205, 206, 207, 208]
1675	[113, 114, 115, 116, 117]
1676	[]
1677	[]
1678	[7, 8, 9, 10, 11]
1679	[]
1680	[62, 63, 64, 65, 66]
1681	[191, 192, 193, 194, 195, 196]
1682	[89, 90, 91, 92, 93, 94]
1683	[271, 272, 273, 274, 279, 280, 281, 282, 283, 284]
1684	[]
1685	[8, 9, 10, 11, 12]
1686	[]
1687	[301, 302, 303, 304]
1688	[]
1689	[11, 12, 13, 14, 15, 16]
1690	[137, 138, 139, 140, 141]
1691	[10, 11, 12, 13, 14]
1692	[72, 73, 74, 75]
1693	[51, 52, 53, 54, 55, 56, 57, 58]
1694	[49, 50, 51, 52]
1695	[13, 14, 15, 16, 17, 18, 19, 20, 21]
1696	[100, 101, 102, 103, 104, 105]
1697	[409, 410, 411, 412, 413, 414, 415, 416]
1698	[]
1699	[65, 66, 67, 68, 69, 70, 71, 72, 73]
1700	[88, 89, 90, 91, 92, 93]
1701	[]
1702	[17, 18, 19, 20, 21, 22]
1703	[0, 1, 2, 3, 4, 5]
1704	[0, 1, 2, 3, 4]
1705	[]
1706	[]
1707	[320, 321, 322, 323, 324]
1708	[]
1709	[54, 55, 56, 57, 58, 59]
1710	[]
1711	[4, 5, 6, 7, 8]
1712	[12, 13, 14, 15, 16, 17, 94, 95, 96, 97, 98, 99, 100, 101, 102]
1713	[]
1714	[]
1715	[]
1716	[16, 17, 18, 19]
1717	[236, 237, 238, 239, 240, 451, 452, 453, 454, 455]
1718	[]
1719	[]
1720	[]
1721	[]
1722	[]
1723	[]
1724	[]
1725	[91, 92, 93, 94, 95, 96]
1726	[51, 52, 53, 54]
1727	[]
1728	[11, 12, 13, 14]
1729	[26, 27, 28, 29, 30, 31]
1730	[]
1731	[0, 1, 2, 3, 4, 5, 48, 49, 50, 51, 52, 53, 54, 55]
1732	[]
1733	[26, 27, 28, 29, 30, 31, 32, 33]
1734	[44, 45, 46, 47, 48, 49]
1735	[]
1736	[0, 1, 2, 3]
1737	[]
1738	[]
1739	[41, 42, 43, 44, 45, 46]
1740	[7, 8, 9, 10, 11, 12, 13, 14, 15]
1741	[]
1742	[]
1743	[39, 40, 41, 42, 43, 44]
1744	[11, 12, 13, 14, 15, 16]
1745	[42, 43, 44, 45]
1746	[]
1747	[21, 22, 23, 24]
1748	[7, 8, 9, 10, 11, 12]
1749	[230, 231, 232, 233, 234, 235, 236, 237]
1750	[21, 22, 23, 24, 25, 26]
1751	[]
1752	[24, 25, 26, 27, 28, 29]
1753	[483, 484, 485, 486]
1754	[36, 37, 38, 39, 875, 876, 877, 878, 879, 880]
1755	[]
1756	[]
1757	[13, 14, 15, 16, 17]
1758	[51, 52, 53, 54, 55]
1759	[21, 22, 23, 24, 25, 26]
1760	[57, 58, 59, 60, 61]
1761	[]
1762	[107, 108, 109, 110]
1763	[142, 143, 144, 145, 146]
1764	[]
1765	[85, 86, 87, 88, 89, 90, 91, 92, 93]
1766	[73, 74, 75, 76, 77, 78]
1767	[]
1768	[]
1769	[36, 37, 38, 39]
1770	[]
1771	[29, 30, 31, 32, 33, 34, 35, 36]
1772	[]
1773	[]
1774	[6, 7, 8, 9, 10]
1775	[110, 111, 112, 113, 114, 115, 116, 117]
1776	[0, 1, 2, 3, 4, 5]
1777	[]
1778	[24, 25, 26, 27, 28]
1779	[]
1780	[219, 220, 221, 222]
1781	[102, 103, 104, 105, 106, 107, 108, 109, 110, 154, 155, 156, 157, 158, 159, 160, 161]
1782	[129, 130, 131, 132, 133, 134]
1783	[20, 21, 22, 23, 24, 25]
1784	[]
1785	[]
1786	[]
1787	[]
1788	[60, 61, 62, 63, 64, 65, 685, 686, 687, 688, 689, 690, 691, 692]
1789	[]
1790	[62, 63, 64, 65, 66, 67, 68, 69]
1791	[109, 110, 111, 112, 113, 114]
1792	[15, 16, 17, 18]
1793	[14, 15, 16, 17, 18]
1794	[94, 95, 96, 97, 241, 242, 243, 244, 245, 246]
1795	[]
1796	[207, 208, 209, 210, 211, 212, 213, 214]
1797	[]
1798	[48, 49, 50, 51, 52]
1799	[233, 234, 235, 236]
1800	[49, 50, 51, 52, 53]
1801	[87, 88, 89, 90]
1802	[60, 61, 62, 63, 64]
1803	[]
1804	[49, 50, 51, 52, 53, 54]
1805	[0, 1, 2, 3, 4, 5]
1806	[115, 116, 117, 118]
1807	[139, 140, 141, 142, 143]
1808	[35, 36, 37, 38, 39, 40]
1809	[0, 1, 2, 3, 4, 5]
1810	[35, 36, 37, 38]
1811	[]
1812	[23, 24, 25, 26, 27, 28]
1813	[57, 58, 59, 60]
1814	[11, 12, 13, 14, 15, 16]
1815	[28, 29, 30, 31, 32, 33]
1816	[]
1817	[33, 34, 35, 36, 37]
1818	[]
1819	[7, 8, 9, 10, 11]
1820	[]
1821	[8, 9, 10, 11]
1822	[12, 13, 14, 15, 16]
1823	[204, 205, 206, 207, 208, 209]
1824	[]
1825	[]
1826	[8, 9, 10, 11, 12]
1827	[12, 13, 14, 15]
1828	[]
1829	[31, 32, 33, 34, 35, 36]
1830	[136, 137, 138, 139, 140, 141]
1831	[10, 11, 12, 13, 14, 15, 16, 17]
1832	[]
1833	[]
1834	[]
1835	[]
1836	[14, 15, 16, 17, 18, 19]
1837	[148, 149, 150, 151, 152, 153]
1838	[206, 207, 208, 209, 210]
1839	[45, 46, 47, 48, 136, 137, 138, 139, 140, 141, 142, 143, 144]
1840	[31, 32, 33, 34, 35, 36]
1841	[]
1842	[]
1843	[]
1844	[243, 244, 245, 246, 247, 371, 372, 373, 374, 375, 376, 377, 378]
1845	[]
1846	[15, 16, 17, 18, 19, 20]
1847	[]
1848	[34, 35, 36, 37, 38]
1849	[634, 635, 636, 637, 638, 639]
1850	[]
1851	[270, 271, 272, 273, 274, 275]
1852	[]
1853	[23, 24, 25, 26, 27, 28, 29, 30]
1854	[8, 9, 10, 11, 12, 13]
1855	[]
1856	[97, 98, 99, 100, 101, 114, 115, 116, 117, 118, 119, 120, 121, 123, 124, 125, 126]
1857	[8, 9, 10, 11, 12]
1858	[]
1859	[]
1860	[180, 181, 182, 183, 184, 185, 186, 187]
1861	[]
1862	[47, 48, 49, 50, 51, 52, 58, 59, 60, 61, 62, 63, 64, 65]
1863	[96, 97, 98, 99]
1864	[31, 32, 33, 34, 35]
1865	[]
1866	[2, 3, 4, 5]
1867	[14, 15, 16, 17, 18, 19, 20, 21]
1868	[87, 88, 89, 90, 91, 92]
1869	[444, 445, 446, 447, 448, 449]
1870	[]
1871	[79, 80, 81, 82, 83, 84, 85, 86, 87, 153, 154, 155, 156, 157, 158, 159, 160]
1872	[17, 18, 19, 20, 21]
1873	[57, 58, 59, 60, 61, 62]
1874	[]
1875	[]
1876	[5, 6, 7, 8, 9, 10, 11, 12]
1877	[]
1878	[]
1879	[]
1880	[]
1881	[39, 40, 41, 42, 43]
1882	[142, 143, 144, 145, 146]
1883	[]
1884	[44, 45, 46, 47, 48, 49]
1885	[]
1886	[234, 235, 236, 237, 238, 239]
1887	[]
1888	[]
1889	[]
1890	[]
1891	[160, 161, 162, 163, 164, 165]
1892	[]
1893	[33, 34, 35, 36, 37, 38]
1894	[348, 349, 350, 351, 352, 353]
1895	[282, 283, 284, 285]
1896	[83, 84, 85, 86]
1897	[0, 1, 2, 3, 4, 5]
1898	[41, 42, 43, 44, 45, 46]
1899	[322, 323, 324, 325]
1900	[55, 56, 57, 58]
1901	[45, 46, 47, 48, 102, 103, 104, 105, 106, 107]
1902	[]
1903	[221, 222, 223, 224, 225, 226, 227, 228]
1904	[]
1905	[28, 29, 30, 31, 32, 33]
1906	[84, 85, 86, 87, 88, 89]
1907	[]
1908	[11, 12, 13, 14, 15]
1909	[]
1910	[81, 82, 83, 84, 85, 86, 87, 88]
1911	[]
1912	[39, 40, 41, 42]
1913	[101, 102, 103, 104, 105, 106, 107, 108]
1914	[320, 321, 322, 323]
1915	[67, 68, 69, 70]
1916	[5, 6, 7, 8, 9, 10, 11, 12]
1917	[41, 42, 43, 44, 45, 46, 47, 48, 49]
1918	[4, 5, 6, 7, 8, 9]
1919	[98, 99, 100, 101, 102, 123, 124, 125, 126, 127, 128]
1920	[]
1921	[40, 41, 42, 43, 44, 45]
1922	[30, 31, 32, 33]
1923	[31, 32, 33, 34, 35]
1924	[130, 131, 132, 133, 134]
1925	[]
1926	[]
1927	[]
1928	[27, 28, 29, 30, 31]
1929	[]
1930	[51, 52, 53, 54, 55, 56]
1931	[]
1932	[]
1933	[]
1934	[19, 20, 21, 22]
1935	[]
1936	[]
1937	[68, 69, 70, 71, 72, 73]
1938	[]
1939	[]
1940	[26, 27, 28, 29, 30]
1941	[336, 337, 338, 339, 340]
1942	[]
1943	[]
1944	[106, 107, 108, 109]
1945	[]
1946	[23, 24, 25, 26, 27, 33, 34, 35, 36, 37]
1947	[132, 133, 134, 135, 307, 308, 309, 310, 315, 316, 317, 318, 319, 320, 321, 322, 323, 324, 325, 326, 327]
1948	[89, 90, 91, 92, 93, 94]
1949	[8, 9, 10, 11, 12]
1950	[22, 23, 24, 25, 26, 27, 28, 29]
1951	[]
1952	[]
1953	[]
1954	[0, 1, 2, 3, 4]
1955	[185, 186, 187, 188, 189]
1956	[28, 29, 30, 31, 32, 33]
1957	[]
1958	[78, 79, 80, 81]
1959	[20, 21, 22, 23, 24]
1960	[]
1961	[]
1962	[28, 29, 30, 31, 32, 33]
1963	[389, 390, 391, 392, 393, 394, 395, 396, 397, 398, 399, 400, 401]
1964	[23, 24, 25, 26, 27, 28, 29, 30, 31]
1965	[162, 163, 164, 165, 166, 167, 168, 169]
1966	[]
1967	[145, 146, 147, 148, 149, 150, 151, 152, 153]
1968	[]
1969	[8, 9, 10, 11, 12]
1970	[65, 66, 67, 68, 69]
1971	[]
1972	[27, 28, 29, 30, 31, 32]
1973	[]
1974	[]
1975	[70, 71, 72, 73, 74]
1976	[140, 141, 142, 143, 144, 145, 146, 147]
1977	[162, 163, 164, 165, 166, 167]
1978	[349, 350, 351, 352, 353]
1979	[]
1980	[8, 9, 10, 11, 12]
1981	[]
1982	[0, 1, 2, 3, 4, 5]
1983	[41, 42, 43, 44, 45, 46]
1984	[]
1985	[]
1986	[]
1987	[52, 53, 54, 55, 56, 57]
1988	[161, 162, 163, 164, 165, 166]
1989	[78, 79, 80, 81]
1990	[13, 14, 15, 16, 17, 18, 19, 20, 21]
1991	[]
1992	[76, 77, 78, 79]
1993	[52, 53, 54, 55, 56, 57, 58, 59, 60]
1994	[30, 31, 32, 33, 34, 35]
1995	[70, 71, 72, 73, 74, 75, 76, 77]
1996	[23, 24, 25, 26, 27]
1997	[]
1998	[]
1999	[637, 638, 639, 640, 641, 642, 643, 644, 828, 829, 830, 831]
