0	[53, 118, 119, 120, 121, 122, 123, 133, 134, 135, 136, 137, 138, 140, 141, 142, 143, 144, 145, 146]
1	[18, 81, 82, 83, 84, 85, 86]
2	[190, 483, 484, 485, 486, 487, 488, 489, 490]
3	[49, 162, 163, 164, 413, 414, 415, 416, 417, 418, 419, 420, 432, 433, 434, 435]
4	[34, 665, 666, 667, 668, 669, 670, 671]
5	[33, 129, 130, 131, 132, 133, 134]
6	[15]
7	[55, 56, 57, 58, 59, 60, 61, 62]
8	[37, 38, 39, 40, 41, 134, 135, 136, 137, 204, 205, 206, 207, 208, 321, 322, 323, 324, 325, 326]
9	[94, 95, 96, 97]
10	[17, 18, 19, 20, 21, 22, 23, 24, 26, 27, 28, 29, 30]
11	[6, 7, 8, 9, 10]
12	[27, 58, 59, 60, 61, 62, 63]
13	[56, 201, 202, 203, 204, 205, 206, 207, 208, 209, 210]
14	[81]
15	[13, 14, 15, 16, 17, 119, 134, 135, 136, 137, 138, 139]
16	[22, 23, 24, 25, 26]
17	[12, 13, 14, 15, 16, 75]
18	[2, 3, 4, 5]
19	[26, 47, 48, 49, 133, 134, 135, 136, 137]
20	[]
21	[0, 1, 2, 3, 4, 96]
22	[88, 89, 90, 139]
23	[19, 20, 21]
24	[12, 238, 239, 240, 241, 242]
25	[13, 14, 15, 16, 17, 18, 19, 20, 21, 80, 81, 82, 83, 84, 97]
26	[22, 23, 24, 25]
27	[28]
28	[5, 6, 7, 8, 9, 10, 11, 13, 14, 15, 16, 17]
29	[112, 129, 130, 131, 132, 133, 175, 176, 177, 178, 179, 180, 197, 198, 199, 200]
30	[150, 180, 181, 182, 183]
31	[57, 58, 59, 60, 61, 62, 63, 64]
32	[17, 18, 19, 20, 21, 22, 23, 24, 25, 26]
33	[8, 9, 10, 11, 12]
34	[28, 29, 30, 31, 32, 33, 34, 35, 105]
35	[18, 19, 20, 21, 22, 23, 45]
36	[12, 13, 14, 15, 16]
37	[20, 21, 22, 23, 24, 25, 26, 27, 32]
38	[]
39	[6, 7, 8, 9, 10, 11, 12, 46, 47, 48, 49, 50, 94, 95, 96, 97, 102]
40	[6, 12, 13, 14, 15]
41	[11, 157, 158, 159, 160, 216, 217, 218, 219, 220, 221, 222, 223]
42	[49, 50, 51, 52, 53, 54]
43	[0, 1, 2, 3]
44	[14, 15, 16, 17, 18, 19, 20, 21, 27, 28, 29, 30, 31]
45	[83, 118, 119, 120, 121, 122]
46	[28, 41, 42, 43, 44, 45]
47	[34, 47, 48, 49, 50, 51, 52, 53, 54]
48	[]
49	[34, 306, 307, 308, 309, 311, 312, 313, 644, 645, 646, 647, 648, 649, 650, 651, 652, 653]
50	[5, 6, 7, 8, 9, 10, 11, 48]
51	[7, 8, 9, 10]
52	[10, 14, 15, 16, 17, 18]
53	[81, 82, 83, 84, 85, 182]
54	[44, 45, 46, 47, 48]
55	[36, 37, 38, 39, 40, 41, 42, 43, 44, 45]
56	[34, 35, 36, 37, 166, 661, 662, 663, 664]
57	[24, 50, 51, 52, 53, 54]
58	[54, 218, 219, 220, 221, 222, 223, 224]
59	[21, 22, 23, 24, 25, 26]
60	[193]
61	[30, 31, 32, 33, 34, 35, 36, 37, 41, 84, 85, 86, 178, 179, 180, 181, 182, 183, 184, 360, 361, 362, 363, 364, 365, 366, 367, 368]
62	[8, 66, 67, 68, 69]
63	[93, 94, 95, 96]
64	[0, 1, 2, 3, 4]
65	[36, 37, 38, 39, 40, 41, 43]
66	[35, 36, 37, 38, 39, 130]
67	[70, 75, 76, 77, 78, 79, 80, 81, 82]
68	[21, 22, 23, 24, 25, 32]
69	[11, 35, 36, 37, 38, 39, 40, 41, 42, 43, 44]
70	[50, 213, 214, 215]
71	[40, 764, 765, 766, 767, 768, 769, 772, 773, 774, 775, 781, 782, 783, 784, 785, 786]
72	[55, 56, 57, 58, 59, 60]
73	[50, 51, 52, 83, 84, 85, 86]
74	[7, 8, 9, 10, 11, 12]
75	[5, 240, 241, 242, 243, 244, 245, 280, 281, 282]
76	[84, 92, 93, 94, 95]
77	[32, 33, 34, 35, 36, 37, 38, 77, 78, 79, 80]
78	[14, 15, 16, 17, 18, 19, 67, 102, 103, 104, 105, 106, 107]
79	[21, 22, 23, 24, 25, 26, 27, 28, 175, 176, 177, 178, 179, 180, 181, 211]
80	[34, 35, 36, 37, 68]
81	[]
82	[5, 6, 7, 8, 9, 10, 51]
83	[28, 29, 30, 31, 32, 33, 39, 40, 41, 42, 43, 44, 45, 52]
84	[103, 114, 115, 116, 117, 118, 119]
85	[45, 101, 102, 103, 104, 105, 106, 107, 108, 110, 111, 112, 113, 114, 134, 135, 136, 137, 138, 139, 140, 141, 142]
86	[14, 44, 45, 46, 47, 48, 49, 50, 51, 52, 53, 54, 220, 300, 301, 302, 303, 304]
87	[0, 1, 2, 3, 4, 5, 6, 8, 9, 10, 11, 12]
88	[11, 12, 13, 14, 15, 23, 24, 25, 26, 27, 45, 46, 47]
89	[15, 28, 29, 30, 31, 32, 33, 34, 35, 36]
90	[11, 12, 13, 14, 15, 39]
91	[20, 21, 22, 23, 24, 25, 38]
92	[2, 34, 35, 36, 37, 38, 39]
93	[71, 104, 105, 106, 107, 108, 109]
94	[89, 316, 317, 318, 319, 320]
95	[8, 14, 15, 16, 17, 18]
96	[12, 336, 337, 338, 339, 340, 341]
97	[12, 17, 18, 19, 20, 45, 46, 47, 48, 49, 50]
98	[15, 16, 17, 18, 19, 38, 39, 40, 41, 103, 104, 105, 106, 107, 108]
99	[0, 1, 2, 3, 47]
100	[0, 1, 2, 3, 4, 5]
101	[12, 13, 14, 15, 16, 17, 18, 19, 20, 21]
102	[0, 1, 2, 3, 4, 5, 18]
103	[20, 89, 90, 91, 92]
104	[26, 28, 29, 30, 31]
105	[0, 1, 2, 3, 4, 5, 6, 7, 22, 23, 24, 25, 26, 27, 28]
106	[37, 107, 108, 109, 110, 111, 112, 113]
107	[0, 177, 178, 179, 195, 196, 197, 198, 199, 200, 201, 202, 203, 204, 209, 210, 211, 212, 213, 391, 392, 393, 394, 395]
108	[32, 33, 34, 35, 36, 37, 38]
109	[17, 53, 54, 55, 56, 57, 58]
110	[100]
111	[95, 96, 97, 98, 99, 100, 101, 102]
112	[0, 1, 2, 3, 4, 5, 25]
113	[33, 34, 35, 36, 45]
114	[0, 1, 2, 3]
115	[]
116	[59, 79, 80, 81, 82, 83, 84, 85, 91, 92, 93, 94, 95, 96, 97, 98, 99, 326, 327, 328, 329]
117	[80, 97, 98, 99, 100, 101, 102]
118	[38, 76, 77, 78, 79, 80, 81]
119	[19, 20, 21, 22, 23, 24, 25, 26, 57, 77, 78, 79, 80, 81]
120	[3, 13, 14, 15, 16, 17]
121	[18, 24, 25, 26, 27, 28, 29, 30]
122	[6, 37, 38, 39, 40, 41, 42, 58, 59, 60, 339, 340, 341, 342, 343, 370, 371, 372, 373, 374, 375]
123	[233, 234, 235, 236]
124	[28, 114, 115, 116, 117, 118, 119]
125	[25, 26, 27, 28, 37]
126	[19, 20, 21, 22, 23, 24, 25]
127	[18, 19, 20, 21, 28, 54, 55, 56]
128	[7, 8, 9, 10, 11, 12, 13, 14, 28]
129	[]
130	[15, 21, 22, 23, 24, 25, 26, 27]
131	[5, 6, 7, 8, 9]
132	[15, 16, 17, 18, 19, 36]
133	[37, 38, 39, 40, 41, 100, 108, 109, 110, 111, 112, 113]
134	[12, 13, 14, 15, 16, 17, 18, 19, 20, 32]
135	[71, 72, 73, 74, 75, 76, 77]
136	[6, 166, 167, 168, 169, 170, 171, 344, 345, 346, 347, 348, 473, 474, 475, 476, 477, 478, 479]
137	[9, 20, 21, 22, 23, 24, 25, 26, 27, 28, 361, 362, 363, 364, 365, 366, 367, 368, 369]
138	[50, 115, 116, 117, 118, 119, 120]
139	[64, 73, 74, 75, 76, 112, 113, 114, 217, 218, 219, 220, 221, 222]
140	[17, 18, 19, 20, 21, 44, 45, 46, 47, 48, 79]
141	[77, 105, 106, 107, 108, 109, 110]
142	[48, 49, 50, 51, 52, 53]
143	[24, 139, 140, 141, 142, 423, 424, 425, 470, 471, 472, 473, 474, 475, 476, 477]
144	[21, 22, 23, 24, 31, 68, 69, 70]
145	[23, 24, 25, 26, 27, 67, 68, 69, 70, 86]
146	[48, 520, 521, 522, 523, 524, 525, 526, 528, 529, 530, 531]
147	[11, 142, 143, 144, 145, 146, 147]
148	[66, 67, 68, 69, 70, 71]
149	[]
150	[40, 41, 42, 43]
151	[0, 1, 2, 3, 4, 47]
152	[7, 8, 9, 10, 11, 12, 13, 14, 15, 16, 38]
153	[0, 1, 2, 3, 4, 5, 27]
154	[46, 208, 209, 210, 211, 212, 213]
155	[4, 27, 28, 29, 30, 31]
156	[19, 70, 71, 72, 73, 74, 75]
157	[17, 18, 19, 20, 21, 22, 23, 24, 25, 26, 140]
158	[10, 38, 39, 40, 41, 42, 43]
159	[8, 10, 11, 12, 13, 14]
160	[39, 40, 41, 42, 43, 114, 148, 149, 150, 151, 152, 153, 154, 155, 156, 157, 193, 194, 195, 413, 414, 415, 416, 417, 600, 601, 602, 603]
161	[83, 121, 122, 123, 124, 125, 126, 127, 128, 130, 131, 132, 133]
162	[23, 198, 199, 200, 201, 202, 203]
163	[9, 22, 23, 24, 25, 26, 27]
164	[12, 38, 39, 40, 41, 42, 43, 44, 45, 46]
165	[26, 27, 28, 29, 30, 31]
166	[20, 21, 22, 23, 24, 25]
167	[28, 29, 30, 31, 68]
168	[18, 22, 23, 24, 25, 26, 27]
169	[0, 1, 2, 3, 4]
170	[7, 8, 9, 10, 11, 12]
171	[81, 82, 83, 84, 118, 119, 120, 121, 122, 123]
172	[24, 25, 26, 27, 28, 29, 167]
173	[5, 48, 49, 50, 51, 52, 53]
174	[28, 186, 187, 188, 189, 190, 191, 192, 193, 194, 270, 271, 272, 273, 274, 275, 276, 277, 278, 307, 308, 309, 310, 311, 312]
175	[19, 20, 21, 22, 23, 77]
176	[79, 80, 81, 82, 83, 84, 126, 127, 128, 144]
177	[8, 9, 10, 11, 12, 64]
178	[9, 39, 40, 41, 42, 43, 44, 123, 124, 125, 126, 127, 128]
179	[5, 6, 7, 8, 9, 10, 66]
180	[30, 64, 65, 66, 67]
181	[24, 25, 26, 27, 28, 29, 31]
182	[14, 15, 16, 17]
183	[19, 38, 39, 40, 41, 42, 43, 133, 134, 135, 136]
184	[]
185	[8, 9, 10, 11, 12, 13, 136]
186	[51, 301, 302, 303, 304, 305, 306, 307, 398, 399, 400, 401, 402]
187	[0]
188	[18, 19, 20, 21, 22, 23, 24, 117, 278, 279, 280, 281, 282, 283, 284, 285]
189	[29, 30, 31, 32, 33, 34, 35, 36, 48, 49, 50, 51]
190	[17, 18, 19, 20, 21, 44, 87, 88, 89, 90]
191	[20, 21, 22, 23, 24, 45, 81, 82, 83]
192	[16, 17, 18, 19, 20, 21, 22, 80, 81, 82, 83, 84]
193	[139, 197, 198, 199, 200, 201, 202, 203, 204, 205]
194	[19, 407, 408, 409, 410, 411, 412, 413, 414, 415]
195	[9, 25, 26, 27, 28, 29, 30]
196	[0, 1, 2, 3, 4]
197	[9, 10, 11, 12]
198	[74, 98, 99, 100, 101, 102, 103]
199	[54, 55, 56, 57, 58, 59, 191, 268, 269, 270, 271, 272, 273, 274]
200	[49, 50, 51, 52, 53]
201	[11]
202	[1]
203	[51, 52, 53, 174, 192, 193, 194, 195, 196, 197, 198]
204	[73, 100, 101, 102, 103, 104, 105, 106, 107, 108]
205	[0]
206	[83, 84, 85, 86, 87, 88, 89, 90, 91]
207	[13, 25, 26, 27, 28, 29, 30]
208	[19, 20, 21, 22, 23, 24, 25, 26, 27, 28, 183, 184, 185, 186, 187, 188, 189]
209	[0, 62, 63, 64, 492, 493, 494, 495, 496, 497, 498, 499, 505, 506, 507, 508, 509, 510, 511, 512, 513, 514, 515, 516]
210	[]
211	[12, 13, 14, 15, 19]
212	[10, 11, 12, 13, 14, 15, 75]
213	[18, 19, 20, 21, 22, 23, 218]
214	[52, 126, 127, 128, 129, 130]
215	[25, 41, 42, 43, 44, 45, 46]
216	[14, 83, 84, 85, 86, 87, 88, 89]
217	[31, 87, 88, 89, 90, 91, 92]
218	[0, 1, 2, 3]
219	[25, 26, 27, 28]
220	[150, 179, 180, 181, 182, 183, 184, 536, 537, 538, 539, 540, 541]
221	[49, 330, 331, 332, 333]
222	[42]
223	[0, 1, 2, 3, 4, 5]
224	[6, 7, 8, 9]
225	[75, 155, 156, 157, 158, 159, 160]
226	[169, 217, 218, 219, 220, 221, 222, 519, 520, 521, 522, 523, 524, 525]
227	[25, 26, 27, 28]
228	[9, 10, 11, 12, 13, 14, 73]
229	[41, 121, 122, 123, 124, 125]
230	[21, 22, 23, 24, 25, 26, 53, 54, 55, 56, 57, 58]
231	[25]
232	[8, 9, 10, 11, 12, 69]
233	[48, 49, 50, 51, 52, 53, 105, 148, 149, 150, 226, 227, 228, 229, 230, 231, 232, 293, 294, 295, 296, 297]
234	[14, 15, 16, 17, 18, 19, 20, 37]
235	[37, 38, 39, 40, 41]
236	[50, 107, 108, 109, 110]
237	[0, 27, 28, 29, 30, 31, 32, 33, 34]
238	[53, 54, 55, 56, 57, 58, 85, 86, 87, 88, 89, 90, 91, 92, 93, 94]
239	[107, 248, 249, 250, 251, 252, 253, 254, 255]
240	[0, 1, 2, 3]
241	[25, 49, 50, 51, 52, 53, 54, 98, 99, 100, 101, 102]
242	[20, 21, 22, 23, 24, 25, 27, 28, 29, 30, 31, 32, 33, 46]
243	[10, 12, 13, 14, 15, 16, 17, 18, 19, 20]
244	[]
245	[79, 80, 81, 82, 83, 84]
246	[28, 82, 83, 84, 85, 86, 87]
247	[157, 158, 159, 160, 161, 162, 163, 164, 165, 166, 240]
248	[13, 14, 15, 66, 163, 164, 165, 166, 167, 168, 169, 170, 171, 172]
249	[30, 83, 84, 85, 86, 87, 206, 207, 208, 209, 383, 384, 385, 386, 387, 388, 389, 398, 399, 400, 401, 402, 403, 440, 441, 442, 443, 444, 445]
250	[5, 6, 7, 8, 9, 10, 11, 47, 144, 145, 146, 147]
251	[]
252	[17, 44, 45, 46, 47, 48, 154, 155, 156, 157, 158, 159, 160, 161, 162, 167, 168, 169, 170, 171]
253	[0, 1, 2, 3, 4, 5, 49, 50, 51, 52, 53, 54, 57, 58, 59]
254	[15, 80, 81, 82, 83, 142, 143, 144, 145, 146]
255	[66, 189, 190, 191, 192, 253, 254, 255, 256, 257, 258]
256	[24, 101, 102, 103, 104, 511, 512, 513, 514, 515, 608, 609, 610, 611, 612]
257	[12, 147, 148, 149, 150, 151, 152, 153, 154]
258	[14, 15, 16, 17]
259	[5, 6, 7, 8, 9, 10, 11, 12, 13, 68]
260	[48, 218, 219, 220, 221, 233, 234, 235, 236, 237, 238]
261	[]
262	[36, 37, 38, 41, 273, 274, 275, 276, 277, 278, 279, 280, 281, 282, 395, 396, 397, 398, 399, 400, 474, 475, 476, 477, 478, 479]
263	[112, 144, 145, 146, 147, 148]
264	[18, 19, 20, 21, 22, 23, 35, 59, 60, 61, 62, 63, 64, 65, 66, 67, 68, 69, 70, 73, 74, 75, 76, 77, 78, 79, 80]
265	[43, 44, 45, 46, 69]
266	[15, 16, 17, 18, 19]
267	[14, 15, 16, 17, 18, 19, 20, 21, 72, 73, 74, 75, 76, 77, 78, 83, 119, 120, 121, 122, 123]
268	[27, 28, 29, 30, 31]
269	[46, 50, 51, 52, 53, 78, 79, 80, 81, 82, 259, 260, 261, 262]
270	[51, 52, 53, 54, 55, 56]
271	[6, 7, 8, 9, 10, 11, 77, 132, 133, 134, 135, 136, 137, 138, 139, 531, 532, 533, 534, 631, 632, 633, 634, 635, 636, 917, 918, 919, 920, 921, 922, 923, 924, 925]
272	[22, 23, 24, 25, 26, 27, 29, 30, 31, 32, 55, 56, 57, 58, 59, 60, 280]
273	[10, 11, 12, 13, 14, 15, 16, 26, 27, 28, 29, 33]
274	[37, 77, 78, 79, 80, 81, 82, 960, 961, 962, 963, 964, 965]
275	[23, 73, 74, 75, 76, 77, 78, 79, 80, 81]
276	[38, 193, 194, 195, 196, 198, 199, 200, 248, 249, 250, 350, 351, 352, 353, 354]
277	[10, 11, 12, 13, 14, 16]
278	[0, 1, 2, 3, 4, 40, 57, 58, 59, 60]
279	[7, 57, 58, 59, 60, 61]
280	[9, 10, 11, 12, 13, 14, 15, 16, 61]
281	[95, 96, 97, 98, 99, 100, 119]
282	[31, 234, 235, 236, 496, 497, 498, 499, 500, 501]
283	[6]
284	[0, 1, 2, 3, 122, 123, 124]
285	[35, 40, 41, 42, 43, 44, 45, 46, 47]
286	[19, 20, 21, 22, 23, 24, 25, 26, 28, 29, 30, 31, 32, 33, 34, 35, 36, 125, 255, 256, 257, 258, 259, 260, 343, 344, 345, 346, 382, 383, 384, 385, 386, 622, 671, 672, 673]
287	[24, 94, 95, 96, 97, 98]
288	[165, 166, 167, 168, 169, 170, 171, 172, 184, 185, 186, 187, 188, 189, 190, 192, 193, 194, 195, 196, 197, 198]
289	[20, 199, 200, 201, 202, 203, 204, 206, 207, 208, 209, 210, 211]
290	[118, 295, 296, 297, 321, 322, 323, 324, 325, 326, 327, 328, 329, 330, 331, 332]
291	[62, 111, 112, 113, 114, 115, 116, 117, 296, 297, 298, 299, 300, 301]
292	[4, 5, 6, 7, 8, 9]
293	[0, 6, 7, 8, 9, 10, 118, 119, 120, 121, 122, 123]
294	[9, 10, 11, 12, 13, 14, 107, 271, 272, 273, 274, 275, 276, 277]
295	[47, 48, 49, 50, 64, 190, 191, 192, 193, 194, 195]
296	[10, 58, 59, 60, 61, 62, 202, 203, 204, 205, 206, 207, 208]
297	[19, 20, 21, 22, 23, 24, 49, 50, 51, 52, 81]
298	[13, 14, 15, 16, 17, 18]
299	[14, 15, 16, 17, 18, 19, 20]
300	[63, 64, 65, 72, 318, 319, 320, 321, 322, 323, 373, 374, 375, 376, 377, 378, 379, 380, 381]
301	[45, 287, 288, 289, 290, 291, 292]
302	[147, 148, 149, 259, 338, 339, 340, 341, 342, 374, 375, 376, 377, 378, 379, 380, 381, 387, 388, 389, 390, 391, 392, 393, 394, 395, 396, 436, 437, 438, 439]
303	[20, 21, 22, 23, 24]
304	[52, 53, 54, 55, 86, 431, 432, 433, 434, 435]
305	[28, 29, 30, 31, 32]
306	[]
307	[6, 10, 11, 12, 13, 14, 15]
308	[25, 175, 176, 177, 178, 232, 233, 234, 235]
309	[19, 27, 28, 29, 30, 31, 32]
310	[18, 19, 20, 21, 22, 23, 56, 68, 69, 70, 71, 72, 73, 74, 75, 76]
311	[56, 194, 195, 196, 197, 215, 216, 217, 218, 219, 220]
312	[23, 24, 25, 26, 27, 28, 49, 50, 51, 52, 53, 54]
313	[40, 42, 43, 44, 45, 46, 47]
314	[49, 50, 51, 52, 53, 54, 55, 56, 57, 58]
315	[12, 94, 95, 96, 97]
316	[24]
317	[54, 55, 56, 57, 58, 59]
318	[5, 6, 7, 8, 13, 107, 108, 109, 110, 115, 116, 117]
319	[8, 9, 10, 11, 12, 13, 58]
320	[5, 6, 7, 8, 9, 10, 11, 12, 13]
321	[21, 22, 23, 24, 25, 26, 61]
322	[12, 183, 184, 185, 186, 187, 188]
323	[137, 169, 170, 171, 172, 173, 174]
324	[16, 28, 29, 30]
325	[12, 31, 32, 33, 34, 35, 36]
326	[12, 13, 14, 15, 16, 17, 18, 19, 20, 49, 281, 282, 283, 284]
327	[11, 12, 13, 14, 15]
328	[13, 15, 16, 17, 18, 90, 91, 92, 93, 94, 95, 96]
329	[10, 55, 56, 57, 58]
330	[33, 35, 36, 37, 38]
331	[18, 47, 48, 49, 50, 51]
332	[21, 22, 23, 24, 25, 26, 27, 28, 29, 30, 38, 104, 105, 106, 107]
333	[116, 117, 118, 119, 120, 121, 122, 123, 124, 134]
334	[36, 37, 38, 39, 40, 57, 58, 59, 60, 61, 62, 78]
335	[9, 10, 11, 12, 108, 279, 280, 281, 282, 283]
336	[8, 9, 10, 11, 12, 13, 14, 15, 33]
337	[26, 27, 28, 29]
338	[0, 1, 2, 3, 4, 5, 6]
339	[13, 14, 15, 16, 17, 18, 19, 20, 34, 35, 36, 37]
340	[202, 203, 204, 205, 206, 207]
341	[16, 17, 18, 19]
342	[1, 48, 49, 50, 51, 52]
343	[52, 53, 54, 55, 56, 57]
344	[4, 5, 6, 7, 8, 9]
345	[76, 80, 81, 82, 83, 84, 85]
346	[69, 70, 71, 72, 73, 74, 106]
347	[4, 5, 6, 7, 8, 9, 10, 19, 21, 22, 23, 24]
348	[17, 18, 19, 20, 21, 120, 142, 143, 144, 456, 457, 458, 459, 707, 708, 709, 710, 711, 712, 713, 714, 715, 716]
349	[4, 5, 6, 7, 8, 9, 36]
350	[]
351	[74, 214, 215, 216]
352	[10, 11, 12, 13, 14, 43]
353	[30, 31, 32, 33, 34, 35, 69, 70, 71, 72, 73, 74, 75, 126]
354	[55, 56, 57, 58]
355	[73, 124, 125, 126, 127]
356	[14, 18, 19, 20, 21, 22]
357	[20, 21, 22, 23, 24, 25]
358	[6]
359	[87, 88, 89, 90, 345]
360	[30, 176, 177, 178, 179, 180, 181, 182, 183]
361	[4, 5, 6, 7, 8, 9, 10, 12, 13, 14, 15, 16]
362	[83, 145, 146, 147, 148, 149, 150, 203, 204, 205, 206, 207]
363	[177, 228, 229, 230, 311, 312, 313, 314, 315, 316, 317, 318, 319, 320]
364	[30, 31, 32, 33]
365	[8, 9, 10, 11, 12, 31, 32, 33, 34, 35]
366	[52, 53, 54, 55, 56, 57, 58, 69, 81, 82, 83, 84, 85]
367	[14, 77, 78, 79, 80, 81, 82, 83, 84]
368	[68, 69, 70, 71, 72, 73, 84, 156, 157, 158, 159, 160, 161]
369	[9, 10, 11, 12, 13, 14, 71, 72, 73, 74, 75, 76, 77, 78]
370	[8, 10, 11, 12, 13, 14, 15]
371	[71, 72, 73, 74, 75, 76, 78, 79, 80, 81, 82]
372	[57, 131, 132, 133, 134, 135, 136, 137, 138, 139, 236, 237, 238]
373	[18, 30, 31, 32, 33, 34]
374	[76, 77, 78, 79, 80]
375	[5, 13, 14, 15, 16, 17, 18]
376	[4, 5, 6, 7, 8, 9, 10, 11, 12, 13, 49, 50, 51, 52, 53]
377	[20, 21, 22, 29]
378	[48, 121, 122, 123, 124, 125, 127, 128, 129, 130, 131, 132, 133, 134, 135]
379	[4, 5, 6, 7, 8, 9, 10, 11, 140, 141, 142, 143, 144, 145, 179, 180, 181, 182, 183, 184, 185]
380	[28, 155, 156, 157, 158, 159]
381	[62, 127, 128, 129, 130, 131]
382	[66, 67, 68, 69, 70]
383	[45, 46, 47, 48, 49, 50, 62]
384	[45, 68, 69, 70, 71, 72, 73]
385	[69, 70, 71, 72, 73]
386	[0, 1, 2, 3, 4, 5, 41]
387	[49, 94, 95, 96, 97, 98, 99]
388	[16, 17, 18, 19, 20]
389	[35, 37, 38, 39, 40, 41, 42, 43, 44, 45]
390	[19, 20, 21, 22, 23, 24]
391	[26, 27, 28, 29, 301, 302, 303, 304, 305, 306, 307, 308]
392	[8, 9, 10, 11, 12, 17, 86, 87, 88, 89, 90, 91]
393	[35, 36, 37, 38, 75, 76, 77, 110, 203, 204, 205, 206, 207, 208, 209, 210, 237, 238, 239, 240, 241, 242, 274, 275, 276, 277, 278, 279, 297, 298, 299, 300, 301, 302, 303, 304, 306, 307, 308, 309, 400, 401, 402, 403, 404, 405, 406, 407, 408]
394	[50, 51, 52]
395	[0, 20, 21, 22, 23]
396	[6, 7, 8, 9, 10, 11]
397	[27, 28, 29, 30]
398	[54, 55, 56, 57, 78]
399	[77, 100, 101, 102, 103, 104, 105, 170, 171, 172, 173, 174, 175, 176, 177, 178, 516, 517, 518, 617, 618, 619, 620, 621, 622, 623, 624]
400	[5, 261, 262, 263, 264, 265, 266]
401	[25, 33, 34, 35, 36, 37, 38]
402	[182]
403	[118, 119, 120, 121, 122, 123]
404	[21, 22, 23, 24, 25, 26, 38, 255, 256, 257, 258, 259, 260, 261, 262, 263, 264]
405	[4, 57, 58, 59, 60, 61, 62]
406	[30, 81, 82, 83, 84, 185, 186, 187, 188, 189, 190, 191]
407	[34, 35, 36, 37, 38]
408	[23, 24, 25, 26, 27, 29]
409	[47, 65, 66, 67, 68, 69, 80, 81, 82, 83, 84, 85]
410	[43, 55, 56, 57, 58, 59, 60, 61, 62]
411	[186, 197, 198, 199, 200]
412	[14, 15, 16, 17, 18, 19, 20, 21, 22, 23, 24, 25, 27, 28, 29, 30, 31, 64, 65, 66, 67, 68, 69, 70, 112, 139, 140, 141, 142, 143, 144]
413	[13, 55, 56, 57, 58, 59, 60]
414	[37, 38, 39, 40, 41, 42, 43, 44, 45]
415	[0, 1, 2, 3, 4, 5, 6, 8, 9, 10, 11, 12, 27, 64, 65, 66, 67]
416	[26, 27, 28, 29, 30, 31, 43, 82, 83, 84, 85, 86, 87, 88, 89, 90]
417	[23, 24, 25, 26, 27, 62]
418	[4]
419	[59, 74, 75, 76, 77, 78, 79, 80, 81, 82]
420	[]
421	[16, 38, 39, 40, 41, 42, 43, 44, 45]
422	[24, 25, 26, 27, 28, 29, 30]
423	[7, 8, 9, 10, 11, 12, 13, 28, 29, 30, 31, 32, 141, 148, 149, 150, 165, 166, 167, 168, 169, 170, 171, 172, 173, 174]
424	[64, 65, 66, 67, 68, 69, 70, 112, 120, 121, 122, 123, 124, 125]
425	[]
426	[36, 141, 142, 143, 144, 145, 146]
427	[17, 18, 19, 20]
428	[11, 12, 13, 14, 15, 16, 17, 64, 65, 66, 67, 68, 69]
429	[22]
430	[7, 8, 9, 10, 11, 12, 13, 14, 61, 62, 63, 64, 145]
431	[7, 8, 9, 10, 11, 49]
432	[11, 15, 16, 17, 18, 19, 20]
433	[42, 131, 132, 133, 134, 135]
434	[23, 24, 25, 26, 27, 28, 29, 30, 31, 32, 115]
435	[7, 8, 9, 10, 11, 12, 35]
436	[1, 38, 39, 40, 41, 42, 43, 144, 145, 146, 147, 148, 149, 150]
437	[8, 9, 10, 11, 12, 13]
438	[13, 14, 15, 16, 58, 59, 60, 61, 62, 149, 150, 151]
439	[38, 311, 312, 313, 314]
440	[14, 15, 16, 17, 18, 98, 159, 160, 161, 162, 163]
441	[27, 28, 29, 30, 31]
442	[9, 78, 79, 80, 81, 82, 83, 126, 127, 128, 129, 130, 131, 132, 133, 134, 135]
443	[74, 75, 76, 86, 221, 222, 223, 224, 225, 226, 227, 228, 229, 230, 231, 232, 247, 248, 249, 250, 251, 451, 452, 453, 454, 455]
444	[12, 13, 14, 15, 16, 35]
445	[6, 7, 8, 9, 10, 11]
446	[18, 19, 20, 21]
447	[1, 117, 118, 119, 120, 121, 122]
448	[17, 158, 159, 160, 161, 162, 163, 164]
449	[41, 42, 43]
450	[11, 12, 13, 96, 283, 284, 285, 286, 287, 288, 289, 290, 291, 292]
451	[179, 342, 343, 344, 345, 346, 347, 348, 349, 350, 351, 352, 353]
452	[27, 72, 73, 74, 75, 76, 77]
453	[55, 78, 79, 80, 81, 242, 243, 244, 245, 246, 247, 248, 249, 250]
454	[19, 59, 60, 61, 62, 63]
455	[28, 125, 126, 127, 128, 129, 130, 134, 135, 136, 137, 138, 139, 142, 143, 144, 145, 146, 147, 148, 149]
456	[9, 74, 75, 76, 77, 78, 79, 95, 96, 97, 98, 99, 100]
457	[21, 22, 23, 24, 33, 34, 35, 36, 37]
458	[12, 261, 262, 263, 264, 265, 266, 267, 268, 360, 361, 362, 363, 364, 365, 366, 367]
459	[52, 68, 69, 70, 71, 72]
460	[21, 39, 40, 41, 42, 43, 93, 94, 95, 96]
461	[19, 20, 21, 22, 61, 62, 63, 64, 65, 66, 110, 173, 174, 175, 176, 177, 178, 179, 180]
462	[6, 131, 132, 133, 134, 135, 136, 137, 138]
463	[71]
464	[23, 24, 25, 26, 27, 28]
465	[]
466	[7, 49, 50, 51, 52, 53]
467	[53]
468	[27, 232, 233, 234, 332, 333, 334, 335, 336, 337, 338, 397, 398, 399, 400, 401, 402, 403, 404, 803, 804, 805, 806, 807, 830, 831, 832, 833, 834, 835, 836, 837, 838, 839, 840, 841, 843, 844, 845, 846, 847, 848, 849, 850]
469	[37, 38, 39, 40, 41, 42, 127]
470	[33, 37, 38, 39, 40, 41, 42, 43, 44, 45]
471	[29, 30, 31, 32, 33, 34, 35, 36, 71]
472	[31, 32, 33, 34, 35]
473	[34, 262, 263, 264, 265, 266, 267, 268, 328, 329, 330]
474	[60, 64, 65, 66, 67, 68, 69]
475	[16, 62, 63, 64, 65, 66, 67, 75, 76, 77, 78, 79, 80, 81, 82, 83, 290, 291, 292]
476	[22, 23, 24, 25, 26, 27, 28]
477	[23, 58, 59, 60, 61, 62, 63, 64, 65]
478	[11, 93, 94, 95, 96, 97, 98, 124, 125, 126, 127, 150, 151, 152]
479	[5, 6, 7, 8]
480	[23, 24, 25, 26, 27]
481	[6, 7, 8, 9, 10, 59, 86, 87, 88, 89, 90, 91]
482	[28]
483	[]
484	[44, 45, 46, 47, 48, 49, 50, 51, 52, 53, 54, 55, 189, 190, 191, 192, 193, 211, 212, 213]
485	[14, 15, 16, 17, 18, 19, 20, 21, 43]
486	[25, 32, 33, 34, 35, 36, 37]
487	[19, 35, 36, 37, 38, 39, 72, 73, 74, 75]
488	[54, 55, 56, 57, 121]
489	[26, 77, 78, 79, 80, 81, 82, 84, 85, 86, 87]
490	[160, 162, 163, 164, 165, 166, 167]
491	[15, 16, 17, 18, 19, 55]
492	[24, 25, 26, 27, 28]
493	[0, 1, 2, 3, 4, 5, 6, 7, 8, 9, 18, 85, 86, 87, 88, 89, 90, 103, 104, 105, 106, 107, 108, 109, 110, 111, 114, 115, 116, 117, 118, 119]
494	[]
495	[12, 13, 14, 15, 16, 17, 18, 19, 20, 21, 22, 23, 221, 222, 223]
496	[4, 5, 6, 7, 8, 25, 33, 34, 35, 36, 37, 137, 138, 139, 140, 146, 147, 148, 149, 150, 151, 152, 153, 154, 155]
497	[17, 18, 19, 20]
498	[57, 58, 59, 109, 239, 240, 241, 242]
499	[0, 1, 2, 3, 4, 5]
500	[31, 35, 36, 37, 38, 39]
501	[21, 22, 23, 24]
502	[47, 48, 49, 50, 51, 52, 109, 115, 116, 117, 282, 283, 284, 285, 286, 287, 288, 289, 367, 368, 369, 370, 371, 372, 373, 374, 375]
503	[89, 130, 131, 132, 133, 134, 135]
504	[11, 30, 31, 32, 33, 34, 35, 41, 42, 43, 44, 45, 46, 47, 48]
505	[50, 58, 59, 60, 61, 62]
506	[30, 31, 32, 33]
507	[68, 218, 219, 220, 221, 222, 223]
508	[25, 26, 27, 28, 29]
509	[59, 60, 61, 95, 112, 113, 114, 115, 116, 117, 118]
510	[137, 163, 164, 165, 166, 167, 168]
511	[36, 37, 38, 39, 40, 41, 42, 118, 257, 258, 259, 307, 308, 309, 310, 311]
512	[21, 179, 180, 181, 182, 183]
513	[]
514	[15, 16, 17, 18, 39]
515	[29, 62, 63, 64, 457, 458, 459, 460, 461, 462]
516	[57, 90, 91, 92, 93, 94, 95]
517	[14, 15, 16, 17, 19, 20, 21, 64]
518	[38, 42, 43, 44, 45, 46, 47, 48, 49, 50]
519	[45, 46, 47, 48, 49, 50, 51, 52, 82, 83, 84, 85, 86, 87, 88, 89, 90]
520	[22, 23, 24, 25, 26, 55, 56, 57, 58, 103, 104, 105, 106, 107, 108, 122, 123, 124, 125, 126, 127, 128, 246, 247, 248, 249, 250, 251, 252, 253]
521	[19, 20, 21, 22, 23, 24]
522	[6, 7, 8, 9, 10, 11, 16]
523	[13, 14, 15, 16, 17, 18, 63, 64, 65, 66]
524	[13, 64, 65, 66, 67, 68, 75, 76, 77, 78, 79]
525	[24, 25, 26, 27, 76, 102, 103, 104, 105, 106, 107, 108]
526	[21, 22, 23, 24, 25, 26, 27, 28, 74, 75, 76, 77, 78, 79, 80, 81, 94]
527	[28, 54, 55, 56, 57]
528	[44, 45, 46, 47, 48]
529	[51, 52, 53, 54, 55, 56, 57, 58]
530	[15, 16, 17, 18, 19, 37, 38, 39, 40, 41, 75]
531	[15, 16, 17, 18, 19, 20]
532	[26, 27, 28, 29, 30, 31, 56]
533	[12, 16, 17, 18, 19, 20, 21]
534	[18, 19, 20, 21, 22, 25]
535	[14, 15, 16, 17]
536	[33, 39, 40, 41, 42, 43, 44]
537	[15, 16, 17, 18, 19, 20, 21, 22, 23, 24]
538	[21, 61, 62, 63, 64, 65]
539	[8, 9, 10, 11, 12, 13, 14, 48]
540	[21]
541	[21]
542	[90, 368, 369, 370, 371, 390, 391, 392, 393, 394, 395]
543	[25, 26, 27, 28, 29, 30]
544	[13, 52, 53, 54, 55, 56, 57, 58]
545	[20, 21, 22, 23, 24, 25, 26, 27, 30, 230, 231, 232, 233, 234, 235, 236, 237, 238]
546	[]
547	[21, 222, 223, 224, 225, 226]
548	[42, 265, 266, 267, 268, 269, 270, 295, 296, 297, 298, 299, 300, 400, 401, 402, 403, 485, 486, 487, 488, 489, 490]
549	[3, 125, 126, 127, 128, 129, 130]
550	[28, 29, 30, 31, 32, 33]
551	[30, 135, 136, 137, 138, 139, 140, 157, 158, 159, 160, 161, 162]
552	[39, 40, 41, 42, 43, 44, 45, 46, 47, 48]
553	[0, 1, 2, 3]
554	[67, 68, 69, 70]
555	[12]
556	[91, 198, 199, 200, 985, 986, 987, 988]
557	[19, 20, 21, 22, 23, 24, 27, 114, 115, 116, 117]
558	[9, 10, 11, 12, 13, 14, 15, 22]
559	[12, 13, 14, 15, 16, 18, 628, 629, 630, 631, 632]
560	[7, 8, 9, 10, 11, 12]
561	[10, 206, 207, 208, 209, 210, 211]
562	[25, 33, 34, 35, 36, 95, 96, 97, 98, 99, 100]
563	[14, 15, 16, 17, 18, 27]
564	[9]
565	[9, 10, 11, 12, 13, 14, 181, 209, 210, 211, 212]
566	[12, 13, 14, 15]
567	[11, 12, 13, 14, 15, 116]
568	[0, 1, 2, 3, 9, 10, 11, 12, 13, 14]
569	[30, 111, 112, 113, 114, 115, 116, 117, 118, 119, 120]
570	[7, 8, 9, 10, 11, 12, 72]
571	[29, 30, 31, 32, 33, 34, 35, 36]
572	[11, 12, 13, 14, 15, 19]
573	[83, 116, 117, 118, 119, 120, 121]
574	[0, 1, 2, 3, 100, 106, 107, 108]
575	[4, 5, 6, 7, 8, 9, 39, 40, 41, 42, 43, 44, 45, 46, 104]
576	[11, 13, 14, 15, 16]
577	[31, 32, 33, 34, 35, 48, 110, 111, 112, 113]
578	[118, 119, 120, 121, 122, 123]
579	[20, 35, 36, 37, 38, 39, 40, 41, 42, 111, 112, 113, 114, 115, 116, 117, 118]
580	[7, 8, 9, 10, 11, 12, 13, 14, 15, 24]
581	[0, 1, 2, 3, 4, 5, 6, 7, 8, 9, 84, 140, 141, 142, 143, 144, 145, 218, 219, 220, 221]
582	[94, 151, 152, 153, 154]
583	[11, 110, 111, 112, 113]
584	[0, 1, 2, 3, 4, 5, 6]
585	[44, 45, 46, 47, 48, 49, 94]
586	[6, 7, 8, 9, 10, 11, 12, 13, 40, 41, 42, 43, 55]
587	[16, 175, 176, 177, 178]
588	[39, 277, 278, 279, 280, 281, 282]
589	[85, 86, 87, 88, 89, 90, 91, 92, 93, 101]
590	[20, 21, 22, 23, 24, 25]
591	[51, 60, 61, 62, 63, 64, 65]
592	[50, 177, 178, 179, 180, 181, 182]
593	[11, 12, 13, 14, 15, 16, 17, 18, 22, 30, 31, 32, 33, 34, 39, 40, 41, 42, 43, 44]
594	[4, 5, 6, 7, 8, 9]
595	[2, 3, 4, 22, 102, 103, 104, 105, 106, 107, 108, 109, 110]
596	[32, 33, 34, 35]
597	[40, 41, 42, 43, 56]
598	[11, 186, 187, 188, 189, 190, 191, 381, 382, 383, 384]
599	[116, 117, 118, 119, 120, 121, 165, 177, 178, 179, 180, 181, 182, 183, 206, 207, 208, 209, 210, 211, 212, 213, 214, 215]
600	[22, 23, 24, 37, 38, 39, 40, 41, 64, 65, 66, 67, 68, 69, 70, 71, 72, 99, 100, 101, 102, 103, 106]
601	[23, 24, 25, 26, 172, 299, 300, 301, 302]
602	[13, 14, 15, 16, 17, 18, 19, 44]
603	[22, 23, 24, 25, 26]
604	[0, 1, 2, 3, 4, 5, 6, 7, 49, 53, 54, 55, 56, 57, 69, 70, 71, 72, 73, 74, 75, 76, 77, 78]
605	[18, 19, 20, 21, 22]
606	[55, 56, 57, 58, 59, 60]
607	[20, 21, 22, 23, 24, 25, 26, 27, 28, 31]
608	[13, 14, 15, 16, 17, 18]
609	[0, 7, 8, 9, 10, 11]
610	[19, 35, 36, 37, 38, 39, 40, 157, 158, 159, 228, 229, 230, 231, 232, 237, 238, 239, 240, 241, 242]
611	[16, 17, 18, 19, 20, 37, 46, 47, 48, 49, 50, 427, 428, 429, 430, 431, 432, 433, 435, 436, 437, 438, 439]
612	[21, 22, 23, 53, 54, 55, 56]
613	[37, 38, 39, 40, 41, 42, 43, 44, 57, 58, 59, 60, 61]
614	[24, 25, 26, 27, 28, 29, 127, 128, 129]
615	[18, 19, 20, 21, 22, 25]
616	[40, 174, 175, 176, 177, 362, 363, 364, 365, 366, 367]
617	[18, 19, 20, 21, 22, 25]
618	[19, 20, 21, 22, 23, 24, 25, 26, 27, 28, 104, 267, 268, 269, 270, 271, 272, 273, 836, 837, 838, 839, 840, 841]
619	[45, 46, 47, 48, 49, 50, 66, 67, 68, 69, 70, 71, 72, 73]
620	[34, 116, 117, 118, 119, 120, 183, 184, 185, 186, 187]
621	[5, 7, 8, 9, 10, 11, 12, 17, 18, 19, 20, 21, 101, 102, 103]
622	[]
623	[23, 570, 571, 572, 573, 574, 575, 576, 701, 702, 703, 704, 705]
624	[9, 10, 11, 12, 13, 14]
625	[8, 9, 10, 51, 52, 53, 54, 55, 56, 78, 122, 123, 124, 125, 126, 127, 128, 169, 170, 171, 172, 173]
626	[84, 101, 102, 103, 104, 105, 106, 127, 128, 129, 130, 131]
627	[45, 46, 47]
628	[4, 5, 6, 7]
629	[21, 166, 167, 168, 169, 170, 171, 172, 173, 174, 175, 196, 197, 198, 199, 200]
630	[88, 167, 168, 169, 170, 171, 172, 173]
631	[65, 66, 67, 68, 69, 71]
632	[15, 16, 17, 18, 19, 20, 21, 22, 28, 29, 30, 31, 32, 100]
633	[19, 20, 21, 22, 23, 24, 68]
634	[]
635	[1, 16, 17, 18, 19, 104, 105, 106, 107, 108]
636	[26, 96, 97, 98, 99, 100, 101, 102, 103]
637	[82, 83, 84, 85, 86, 87, 88, 101, 102, 103, 105]
638	[14, 16, 17, 18, 19, 20, 21]
639	[3, 4, 5, 6, 7, 8, 9, 39, 127, 128, 129, 130, 131]
640	[58, 76, 77, 78, 79, 80, 81]
641	[9, 10, 11, 12, 13, 75, 176, 177, 178, 179]
642	[13, 28, 29, 30, 31]
643	[72, 105, 106, 107, 108, 109, 110, 643, 644, 645, 646, 726, 727, 728, 729]
644	[46, 291, 292, 293, 294, 295, 296, 449, 450, 451, 452, 453]
645	[35, 36, 37, 38, 57]
646	[44, 45, 46, 47, 48]
647	[21, 67, 68, 69, 70, 79, 80, 81, 82, 83, 84]
648	[107, 108, 109, 110, 111, 112, 113, 114]
649	[66, 451, 452, 453, 454, 579, 580, 581, 582, 583, 584, 585]
650	[15, 16, 17, 18]
651	[39, 40, 41, 42, 43, 44, 45, 75, 76, 77, 78]
652	[16, 17, 18, 19, 20, 21, 102]
653	[7, 8, 9]
654	[54, 65, 66, 67, 68, 69, 70, 71, 72, 73, 74, 373, 374, 375, 376, 377, 378]
655	[7, 8, 9, 10, 11, 12, 13, 14, 15, 30]
656	[13, 14, 15, 16, 17, 60, 61, 62, 63, 64]
657	[22, 23, 24, 25, 26]
658	[17, 19, 20, 21, 22, 23, 24, 25]
659	[11, 43, 44, 45, 46, 47, 48]
660	[45, 97, 98, 99, 100]
661	[0, 1, 2, 3, 4, 8, 9, 10, 11]
662	[35, 36, 37, 38, 39, 40, 41, 42, 43, 44]
663	[12, 13, 14, 15, 26, 27, 28, 29, 30, 31, 32, 33, 84]
664	[19, 20, 21, 22, 23, 24, 25, 83, 84, 85, 86, 89]
665	[34, 49, 50, 51, 52, 53, 54, 61, 62, 63, 64, 95, 96, 97, 98, 99, 100, 101, 102, 249, 250, 251, 252]
666	[23, 24, 25, 26, 27, 28, 29, 30, 31, 32, 34, 35, 36, 37, 63]
667	[36, 38, 39, 40, 82, 83, 84]
668	[56, 57, 58, 59, 60, 61, 62]
669	[111, 131, 132, 133, 134, 135]
670	[]
671	[19, 134, 135, 136, 137, 166, 167, 168, 169, 170, 191, 192, 193, 194]
672	[4, 19, 20, 21, 22, 23]
673	[26, 140, 141, 142, 143, 144, 145]
674	[33, 34, 35, 36, 37, 38, 39, 40, 41, 44, 45, 46, 47, 48]
675	[29, 319, 320, 321, 322, 323, 324]
676	[85, 90, 91, 92, 335, 336, 337, 338, 339, 614, 615, 616, 617, 618, 619]
677	[13, 14, 15, 16, 17]
678	[8, 15, 16, 17, 18]
679	[29, 258, 259, 260, 261, 886, 887, 888, 889, 890, 891, 892]
680	[1, 51, 52, 53, 54]
681	[53, 99, 100, 101, 102, 103, 104, 105]
682	[16, 60, 61, 62, 63, 64]
683	[20, 21, 22, 23]
684	[43, 71, 72, 73, 74, 75, 76]
685	[101, 136, 137, 138, 139, 140, 141, 142]
686	[16, 17, 18, 19, 20, 42, 43, 44, 45, 46, 47]
687	[68]
688	[51, 58, 59, 60, 61]
689	[34, 35, 36, 37, 38, 39, 44]
690	[28, 29, 30, 31, 32, 33, 62]
691	[5, 6, 7, 8, 9, 24, 115, 116, 117, 118, 119, 120]
692	[10, 21, 22, 23, 24, 25, 26]
693	[8, 9, 10, 11, 12, 13, 14, 29, 141, 142, 143, 144, 145, 146]
694	[23, 24, 25, 26, 27, 28, 29, 39]
695	[24, 65, 66, 67, 68, 69, 169, 170, 171, 172, 173, 174, 175, 264, 265, 266, 267, 268, 269, 270, 271]
696	[15, 16, 17, 18, 19, 20, 21, 34, 99, 100, 101, 102]
697	[22, 23, 24, 67, 69, 70, 71, 193, 194, 195, 196, 197, 198, 219, 220, 221, 222, 223, 231, 232, 233, 234, 235]
698	[84]
699	[52, 54, 55, 56, 57, 67, 68, 69, 70, 71]
700	[47, 569, 570, 571, 572, 573, 574]
701	[42, 103, 104, 105, 106, 107, 108, 109, 110, 111]
702	[32, 34, 35, 36, 37, 38]
703	[60, 145, 146, 147, 524, 525, 526, 527, 528, 529, 530]
704	[41, 80, 81, 82]
705	[49, 124, 125, 126, 127, 128, 129, 130, 131, 144, 145, 146, 147, 148, 149]
706	[48, 147, 148, 149, 150, 151, 152, 211, 212, 213, 214, 215, 216, 217]
707	[46]
708	[38, 149, 150, 151, 152, 153, 163, 164, 165, 166, 533, 534, 535, 536]
709	[19, 20, 21, 22, 23, 24, 110]
710	[10, 58, 59, 60, 61, 62, 63]
711	[203, 211, 212, 213, 214, 215]
712	[53, 327, 328, 329, 330, 331, 332]
713	[61, 96, 97, 98, 99, 100, 101, 102, 146, 147, 148, 149, 150, 151, 152, 153, 198, 199, 200, 201, 202, 203, 204, 205, 206]
714	[25, 314, 315, 316, 317, 318, 319, 320, 321, 411, 412, 413, 414, 415, 416]
715	[121, 145, 146, 147, 148, 149, 150]
716	[0, 1, 2, 3, 4, 5, 23]
717	[7, 8, 9, 10]
718	[32, 196, 197, 198, 199, 200]
719	[117, 141, 142, 143, 144, 145, 146]
720	[20, 110, 111, 112, 113, 114, 115, 116, 117, 118, 119, 136, 137, 138, 139, 140, 172, 173, 174, 175]
721	[72, 73, 74, 75, 76, 77, 78, 104, 105, 106]
722	[0, 231, 232, 233, 234, 235, 236, 237, 238, 239]
723	[12, 26, 27, 28, 29, 30, 31]
724	[12]
725	[21, 96, 97, 98, 99, 100, 101]
726	[7, 77, 78, 79, 80, 81, 82, 318, 319, 320, 321, 336, 337, 338]
727	[1, 81, 82, 83, 84, 85, 86]
728	[14]
729	[92, 93, 94, 95, 96]
730	[4, 5, 6, 7, 8, 9, 10, 11, 12, 15]
731	[10, 53, 54, 55, 56, 57, 58, 59, 60, 61, 62]
732	[15, 16, 17, 18, 19, 20, 35, 36, 37, 109, 225, 226, 227, 228]
733	[58, 68, 69, 70, 71, 72, 73]
734	[10, 33, 34, 35, 36, 37, 38, 39, 40, 41, 42]
735	[22, 23, 24, 25, 26, 27, 28, 29, 30, 76]
736	[49, 136, 137, 138]
737	[13, 46, 47, 48, 49, 50, 51, 52, 102, 103, 104, 105, 106]
738	[0, 1, 2, 3, 4, 5]
739	[53, 70, 71, 72, 73]
740	[20, 164, 165, 166, 167, 168, 169, 170, 171, 205, 206, 207, 208, 209]
741	[26, 62, 63, 64]
742	[9, 10, 11, 12, 25, 26, 27, 28, 29, 30]
743	[24, 78, 79, 80, 81, 82, 714, 715, 716, 717, 718, 719]
744	[30, 31, 32, 33, 34, 35, 36, 47, 49, 50, 51, 52, 53, 54, 117, 118, 119, 120]
745	[84, 207, 208, 209, 210, 211, 243, 244, 245, 246, 247]
746	[14, 15, 16, 17, 18, 19, 20, 21]
747	[27, 28, 29, 30, 31, 44]
748	[15, 37, 38, 39]
749	[9, 10, 11, 12, 13]
750	[10, 11, 12, 13, 14, 78, 79, 80, 81, 95]
751	[]
752	[23, 24, 25, 26, 27, 28]
753	[1, 398, 399, 400, 401]
754	[24, 48, 49, 50, 51, 52, 53]
755	[16, 17, 18, 19, 20, 42]
756	[0, 1, 2, 3, 36]
757	[43, 61, 62, 63, 64, 65]
758	[22, 23, 24, 25, 26]
759	[0, 75, 76, 77, 78, 86, 87, 88, 89, 90, 585, 586, 587]
760	[15, 16, 17, 18, 19, 20]
761	[37, 38, 39, 40, 41, 42]
762	[23, 31, 32, 33, 34, 35, 36, 37]
763	[54, 56, 57, 58, 59]
764	[68, 178, 179, 180, 181]
765	[5, 6, 7, 8, 9, 10, 34]
766	[8, 9, 10, 11, 12, 13, 14, 16, 17, 18, 19]
767	[9, 13, 14, 15, 16, 17, 18]
768	[70, 115, 116, 117, 118, 119, 120, 121, 258, 259, 260, 261, 262, 263]
769	[13, 34, 35, 36, 37, 38, 39, 40]
770	[26, 27, 28, 29, 30]
771	[28, 29, 30, 31, 127, 128, 129, 130]
772	[17, 51, 52, 53, 54, 55, 56]
773	[22, 23, 24, 25, 26, 27, 28, 29]
774	[8, 9, 10, 11, 12, 78, 116, 117, 118, 119, 120, 121, 122, 123]
775	[96, 97, 98, 99, 100, 101]
776	[5, 6, 7, 8, 9, 10, 11]
777	[30, 310, 311, 312, 313, 314, 315, 316, 317]
778	[4, 5, 6, 7, 8, 9, 10, 11]
779	[17, 72, 73, 74, 75, 76]
780	[10, 11, 12, 13, 14, 15, 37, 38, 39, 40, 41, 42, 43, 44, 182]
781	[7, 8, 9, 10, 11]
782	[19, 20, 21, 22, 23, 33]
783	[42, 43, 44, 45, 46, 47, 48]
784	[11, 12, 13, 14, 15, 16, 108]
785	[18, 19, 20, 21]
786	[32, 159, 160, 161, 162]
787	[33, 34, 35, 36, 37, 38, 39, 40, 41, 44, 65, 66, 67, 68, 69, 70, 71]
788	[51, 171, 172, 173, 174, 175, 176, 218, 219, 220, 221, 222, 223, 224, 225]
789	[0, 133, 134, 135, 136, 137]
790	[19, 20, 21, 22, 34, 39, 40, 41, 42, 63, 64, 65, 66, 67, 68, 69, 70, 71]
791	[35, 436, 437, 438, 439, 440, 685, 686, 687, 688, 689, 690, 691, 692]
792	[20, 21, 22, 23, 24, 25, 26, 49]
793	[21, 77, 78, 79, 80, 81, 82, 83, 84]
794	[22, 582, 583, 584, 585]
795	[50, 87, 88, 89, 90, 365, 366, 367, 368, 369, 370, 450, 451, 452, 453, 454, 455, 456, 457, 458]
796	[170, 171, 172, 173, 174, 175]
797	[41, 42, 43, 44, 47]
798	[50, 51, 52, 53, 54, 55, 56, 57, 58, 80, 81, 82, 83, 84, 101, 180, 181, 182, 183, 184, 185, 186, 187]
799	[70, 234, 235, 236, 237, 337, 338, 339, 340, 341, 342]
800	[0, 1, 2, 3, 4, 5, 6]
801	[60, 61, 62, 63, 64, 65, 66, 67, 68, 78, 79, 80, 116, 118, 119, 120, 121, 122, 123, 124]
802	[15, 16, 17, 18, 19, 34, 108, 109, 110, 111, 134, 135, 136]
803	[8, 9, 10, 11, 49]
804	[12, 33, 34, 35, 36, 37, 292, 293, 294, 295, 296]
805	[19, 182, 183, 184, 185, 186, 187]
806	[16, 17, 18, 19, 20, 21]
807	[9, 10, 11, 12, 13, 14, 15, 23]
808	[13, 345, 346, 347, 348, 349, 350, 351, 514, 515, 516, 517]
809	[35, 36, 37, 177]
810	[]
811	[18, 19, 20, 21, 22, 23]
812	[10, 129, 130, 131, 132, 133, 134, 135, 226, 227, 228, 229, 230, 231, 232, 233, 259, 260, 261, 262, 263, 264]
813	[79, 220, 221, 222, 223, 224]
814	[20, 21, 22, 23, 24, 32]
815	[24, 160, 161, 162, 163, 164, 165, 166, 167, 168]
816	[0, 29, 30, 31, 32, 33]
817	[5, 6, 7, 8, 9, 10]
818	[32, 33, 34, 35, 36, 76, 77, 78, 79, 80, 93, 94, 95, 96, 97, 98, 99, 104, 105, 106, 107, 108]
819	[39, 145, 516, 517, 518, 519, 694, 695, 696, 697, 698, 780, 781, 782, 783, 784, 849, 850, 851, 953, 954, 955, 956]
820	[14, 16, 17, 18, 19, 20, 21]
821	[36, 63, 64, 65, 66, 67, 68, 69, 70, 71, 170, 171, 172, 173, 174, 175, 176, 177, 179, 180, 181, 182, 183]
822	[80, 81, 82, 83, 88, 89, 90, 91, 92, 93, 94, 95, 96]
823	[120, 121, 122, 155, 173, 174, 175, 176, 177]
824	[111, 112, 113, 114, 116, 295, 296, 297, 298, 309, 310, 311, 312, 313]
825	[48, 138, 139, 140, 141, 142, 176, 177, 178, 179, 180, 181, 182, 183, 184, 185, 207, 208, 209, 210, 211]
826	[30, 31, 32, 33]
827	[16, 17, 18, 19, 20, 49, 66, 67, 68, 69, 70, 71]
828	[8, 9, 10, 11, 12]
829	[101, 169, 170, 171, 172]
830	[]
831	[14, 15, 16, 17, 18, 19]
832	[80, 151, 152, 153, 154, 155, 156, 157]
833	[0, 1, 2, 3, 152, 230, 231, 232, 233, 234, 235, 236]
834	[7, 8, 9, 10, 11, 17, 18, 19, 20, 191, 192, 193]
835	[22, 23, 24, 25, 26, 27, 62]
836	[13, 115, 116, 117, 118, 119]
837	[8, 9, 10, 11, 12, 13, 14]
838	[17, 18, 19, 20, 21, 22, 23]
839	[17, 18, 19, 20, 21, 22, 23, 24, 113, 413, 414, 415, 416, 417, 418, 419, 420, 452, 453, 454, 455]
840	[23, 69, 70, 71, 72, 73]
841	[16, 17, 18, 19, 20, 56, 60, 61, 62, 63, 64, 65, 66]
842	[0, 1, 2, 3, 4, 26, 198, 199, 200, 201, 202, 203]
843	[21, 22, 23, 24, 25, 26, 39]
844	[32, 255, 256, 257, 258]
845	[10, 11, 12, 13, 14, 15, 16, 22, 23, 24, 25, 26, 29, 40, 41, 42, 43, 44, 45, 46, 47, 48]
846	[89, 210, 211, 212, 213, 214, 215, 216, 217]
847	[22, 23, 24, 25, 26, 129, 306, 307, 308, 309, 310, 311]
848	[72, 117, 118, 119, 120, 121, 122]
849	[12, 13, 14, 15, 16, 17, 44, 45, 46]
850	[28, 29, 30, 31, 32]
851	[28, 37, 38, 39, 40, 41, 42]
852	[8, 9, 10, 11, 12, 33]
853	[18, 70, 71, 72, 73, 74, 75, 76, 77, 84, 85, 86, 87, 88, 89, 90, 91]
854	[72, 80, 81, 82, 83, 84, 85]
855	[16, 17, 18, 60, 61, 62, 63, 64, 65]
856	[13, 15, 16, 17, 18, 74, 75, 76, 77, 78, 79, 119, 120, 121]
857	[5, 6, 7, 8, 9, 10, 122]
858	[33, 37, 38, 39, 40, 41, 42]
859	[15, 40, 41, 42, 43, 44, 122, 123, 124, 125, 126, 127, 128, 129, 130, 131, 132, 133, 310, 311, 312, 313, 320, 321, 322, 323]
860	[38, 145, 146, 147, 148, 149, 150]
861	[75, 305, 306, 307]
862	[21, 22, 23, 24, 25, 26, 27, 28, 29]
863	[5, 6, 7, 8, 9, 10, 11, 117, 166, 167, 168, 169, 170, 171, 173, 174, 175, 176, 177, 178, 337, 338, 339, 340, 341]
864	[0, 100, 101, 102, 103, 104, 105]
865	[21, 22, 23, 24, 25, 26, 27, 28, 29, 30, 31, 32, 112]
866	[79, 92, 93, 94, 95, 96, 97, 98, 99]
867	[44, 45, 46]
868	[29, 310, 311, 312, 313, 314, 315, 334, 335, 336, 337, 694, 695, 696, 697, 698, 699, 984, 985, 986, 987, 988, 989, 990, 991, 992]
869	[22, 23, 24, 25, 26, 27]
870	[26, 27, 28, 29, 30, 54, 55, 56, 57, 58, 71]
871	[58, 106, 107, 108, 549, 550, 551, 552, 606, 607, 608, 609, 610, 611]
872	[58, 59, 60, 61]
873	[64, 131, 132, 133, 134, 135, 136, 137, 138, 139, 145, 146, 147, 148]
874	[19, 20, 21, 22, 41, 69, 70, 71, 72, 73, 74, 75]
875	[17, 177, 178, 179, 180, 181, 182]
876	[64, 67, 68, 69, 71, 72, 73, 74, 75, 142, 143, 144, 145, 146, 147]
877	[0, 1, 2, 3, 45]
878	[]
879	[30, 44, 45, 46, 47, 48, 49, 50, 51, 52, 53, 54, 55]
880	[94, 95, 96, 97, 98, 99]
881	[0, 1, 2, 3, 27, 28, 29, 262]
882	[41, 122, 123, 124, 125, 126, 127]
883	[311, 312, 313, 314]
884	[8, 9, 10, 11, 12, 14, 15, 16, 17, 18, 19, 47]
885	[99, 100, 101, 102]
886	[0, 1, 2, 3, 4, 5, 6, 7, 8, 11, 20, 21, 22, 23, 26, 27, 28, 29]
887	[31, 150, 151, 152, 153, 154, 189, 190, 191, 192, 193, 194]
888	[10, 14, 15, 16, 17, 18, 19]
889	[161, 224, 225, 226, 237, 238, 239, 240, 241, 242]
890	[31, 75, 76, 77, 78, 79, 80, 81, 82, 83, 84, 85, 86, 92, 93, 94, 95, 96, 97]
891	[20, 112, 113, 114, 115]
892	[36, 37, 38, 39, 148, 149, 150]
893	[0, 1, 2, 3, 4, 5]
894	[]
895	[27, 28, 29, 30, 67]
896	[10, 14, 15, 16, 17, 18, 19]
897	[40, 41, 42, 43, 44, 45, 55, 56, 57, 58, 59, 60, 61, 62, 63]
898	[0, 1, 2, 3, 4, 5, 23, 73, 74, 75]
899	[63, 85, 86, 87, 88]
900	[61, 77, 78, 79, 80, 81, 82]
901	[30, 141, 142, 143, 144, 145, 146]
902	[7, 8, 9, 10, 123]
903	[55]
904	[0, 1, 2, 3]
905	[0, 1, 2, 3, 4, 5, 7, 8, 9, 10, 42]
906	[20, 111, 112, 113, 114, 115, 116, 117, 176, 177, 178, 179, 180, 181]
907	[]
908	[2, 3, 4, 5, 25, 26, 27, 28, 29, 30, 31]
909	[10, 11, 12, 13, 14, 27, 28, 29, 30, 97, 279, 280, 281, 282, 283, 284, 285, 322, 323, 324, 325, 326, 365, 366, 367, 368, 376, 377, 378]
910	[9, 10, 11, 12]
911	[18, 30, 31, 32, 33, 34, 35, 291, 292, 293, 294, 295, 296, 297, 298, 299]
912	[5, 6, 7, 8, 9, 10, 11]
913	[10, 11, 12, 13]
914	[8, 9, 10, 11, 12]
915	[36, 94, 95, 96]
916	[22, 23, 24, 25, 26, 62]
917	[29, 132, 133, 134, 135]
918	[0, 1, 2, 3, 4, 5, 10, 11, 12, 13, 14, 15, 33]
919	[]
920	[13, 14, 15, 16, 17, 18, 19, 20, 21, 22]
921	[63, 64, 65, 66, 67]
922	[41, 42, 43, 44, 45, 46]
923	[73, 74, 75, 76, 77, 133, 134, 135, 136, 137, 138, 141, 142, 143, 144, 145, 146, 149, 150, 151, 152, 153, 154, 155, 156, 157, 158, 159, 160, 176, 177, 178, 179]
924	[50, 51, 52, 53]
925	[59, 60, 61, 62, 63, 64, 66, 67, 68]
926	[11, 12, 13, 14, 15, 20, 21, 22, 23, 101, 102, 103, 104, 105, 106, 110]
927	[29, 44, 45, 46, 47, 48, 49, 66, 67, 68, 69, 70, 71]
928	[0, 1, 2, 3, 5, 6, 7]
929	[16, 20, 21, 22, 23, 24, 25, 54, 55, 56, 57, 58, 59, 60, 61, 63, 64, 65, 66, 67, 68, 69, 70, 71]
930	[8, 36, 37, 38, 39, 40, 41, 74, 75, 76, 77, 179, 180, 181, 182, 183, 220, 221, 222, 223, 224, 225, 226, 227, 228, 229, 466, 467, 468, 469, 470, 635, 636, 637, 638]
931	[7, 30, 31, 32]
932	[25, 40, 41, 42, 43, 44, 45]
933	[12, 13, 14, 15, 16, 17, 18, 197]
934	[0, 31, 32, 33, 34, 60, 61, 62, 63, 64]
935	[46, 47, 48, 49, 50, 51, 52]
936	[32, 33, 34, 144]
937	[9, 10, 11, 12, 13, 14, 15, 16, 17, 18]
938	[60, 100, 101, 102, 103, 104, 296, 297, 298, 299, 300, 301, 302, 303, 305, 306, 307, 308, 309]
939	[8, 9, 10, 11, 12, 13, 107]
940	[0, 1, 2, 3, 4, 5, 61]
941	[0, 1, 2, 3, 4, 5]
942	[14, 15, 16, 17, 18, 19, 48]
943	[]
944	[29, 30, 31]
945	[7, 18, 19, 20, 21, 22]
946	[22]
947	[8, 9, 10, 11, 36, 37, 38, 39, 40, 63]
948	[0, 1, 2, 3, 4, 5, 55]
949	[34, 42, 43, 44, 45, 46]
950	[17, 18, 19, 25, 26, 27, 28, 29]
951	[40, 41, 42, 43, 44]
952	[23, 24, 25, 26, 27, 47]
953	[3, 4, 5, 6, 51, 198, 199, 200, 201, 202]
954	[11, 12, 13, 14, 15, 18, 19, 20, 61, 62, 63, 64, 65, 66, 84, 318, 319, 320]
955	[5, 6, 7, 8, 9]
956	[5, 26, 27, 28]
957	[34, 35, 36, 37, 38, 39, 40]
958	[44]
959	[6, 7, 8, 9, 18, 19, 20, 21, 58]
960	[]
961	[27, 28, 29, 30, 31, 32, 95, 345, 346, 347, 348, 600, 601, 602]
962	[]
963	[64, 99, 100, 101, 102, 103, 104]
964	[25, 31, 32, 33]
965	[58, 122, 123, 124, 125, 126, 127]
966	[3, 15, 16, 17, 18, 19]
967	[38, 48, 49, 50, 51, 52, 53, 54, 55, 162, 163, 164, 165, 166, 167, 168]
968	[74, 75, 76, 77, 78, 79, 80, 81, 82, 87, 88, 89, 90, 91, 92, 93, 94, 95]
969	[10, 11, 12, 13, 14, 15, 16]
970	[23, 109, 110, 111, 112, 113, 114]
971	[48, 78, 79, 80, 81]
972	[11, 52, 53, 54]
973	[30, 34, 35, 36, 37, 38, 39]
974	[17, 18, 19, 20, 21, 153]
975	[0, 1, 2, 3, 25]
976	[58, 151, 152, 153, 154, 155, 217, 218, 219, 220, 221, 233, 234, 235]
977	[]
978	[19, 62, 63, 64, 65, 66, 67]
979	[68, 69, 70, 71, 72, 73]
980	[100, 232, 233, 234, 235, 236, 475, 476, 477, 478, 479]
981	[7, 8, 9, 10, 11, 12, 29]
982	[42, 167, 168, 169, 170, 171, 172, 222, 223, 224, 225, 226]
983	[14, 15, 16, 17, 18]
984	[103, 116, 117, 118, 119]
985	[96, 217, 218, 219, 220, 221, 222, 223]
986	[75, 76, 77, 78, 79, 80, 81, 82, 83, 84]
987	[146, 205, 206, 207, 208, 209]
988	[19, 20, 21, 22, 23, 24, 25, 26]
989	[61, 63, 64, 65, 66, 67, 68, 141, 142, 143, 144, 145, 146, 195, 196, 197, 198, 199, 200, 201, 202, 203]
990	[4, 5, 6, 7, 8, 43, 51, 52, 53, 54, 55, 56, 57]
991	[]
992	[]
993	[57, 58, 59, 60]
994	[11, 12, 13, 14]
995	[43, 108, 109, 110, 111, 112, 113, 115, 116, 117, 118, 119, 120, 121]
996	[8, 9, 10, 11, 12]
997	[53, 151, 152, 153, 154, 155, 278, 279, 280, 281, 282, 283]
998	[14, 15, 16, 17, 18, 19, 20, 32, 47, 48, 49]
999	[7, 8, 9, 10, 11, 12, 13, 14]
1000	[135, 136, 137, 138, 154, 339, 340, 341, 342, 343, 344]
1001	[5, 6, 7, 8]
1002	[175, 176, 177, 178, 179, 180]
1003	[136, 154, 155, 156, 157, 158, 159, 160, 221, 222, 223, 224, 225, 227, 228, 229, 230, 231, 232, 233, 234, 235, 236, 237, 238, 240, 241, 242, 243, 244, 245]
1004	[59, 139, 140, 141, 142, 143, 144]
1005	[5, 6, 7, 8, 9, 10]
1006	[7, 506, 507, 508, 932, 933, 934, 935, 936, 937]
1007	[50, 51, 52, 53, 54, 56, 143, 144, 145, 146, 147, 148]
1008	[81, 91, 92, 93, 94, 95, 96]
1009	[33, 51, 52, 53, 54, 55]
1010	[132, 133, 134]
1011	[22, 23, 24, 25, 26, 27, 28, 29, 30, 39]
1012	[18, 19, 20, 21, 22, 23, 173]
1013	[0, 1, 2, 3, 4, 5]
1014	[15, 41, 42, 43, 44, 45, 46]
1015	[33, 34, 35, 36, 37, 38, 139, 457, 458, 459, 460, 461, 462, 463]
1016	[105, 106, 107, 156, 157, 158, 159, 160]
1017	[78, 127, 128, 129, 130, 131, 132]
1018	[44, 46, 47, 48, 49, 50]
1019	[3, 4, 5, 6, 7]
1020	[28, 106, 107, 108, 109, 110, 111, 112, 113, 114]
1021	[12, 13, 14, 15, 16, 17, 88]
1022	[2, 23, 24, 25, 26, 27, 28]
1023	[16, 59, 60, 61, 62, 166, 167, 168, 169, 170, 171]
1024	[44]
1025	[7, 47, 48, 49, 153, 154, 155, 156, 157, 387, 388, 389, 390, 391, 405, 406, 407, 408, 409, 410, 411]
1026	[8, 16, 17, 18, 19, 20, 21, 22, 23]
1027	[]
1028	[51, 232, 233, 234, 235, 236, 237, 238, 239, 240]
1029	[16, 200, 201, 202, 203, 204]
1030	[24, 25, 26, 27, 28, 56, 57, 58, 59, 60]
1031	[8, 9, 10, 11, 54]
1032	[51, 189, 190, 191, 192, 193, 194]
1033	[7, 262, 263, 264, 265, 266, 428, 429, 430, 431, 432, 433]
1034	[23, 24, 25, 26, 27]
1035	[24, 104, 105, 106, 107, 108, 109]
1036	[0, 1, 2, 3, 4, 5, 6, 7]
1037	[38]
1038	[1, 181, 182, 183, 184, 241, 242, 243, 244]
1039	[12, 13, 14, 15, 16, 39]
1040	[25, 26, 27, 28, 129]
1041	[35]
1042	[24, 110, 111, 112, 113, 114, 115, 116, 240, 241, 242]
1043	[20, 38, 39, 40, 41, 42, 43]
1044	[14, 167, 168, 169, 170, 171, 172, 173, 174, 175]
1045	[58, 133, 134, 135, 136, 137, 138, 261, 262, 263, 264, 265, 266]
1046	[9, 147, 148, 149, 230, 231, 232, 233, 234, 235, 236]
1047	[18, 36, 37, 38, 39]
1048	[20, 32, 33, 34, 35]
1049	[67, 68, 69, 87, 88, 89, 90, 91, 188, 189, 190, 191, 192, 227]
1050	[26, 27, 28, 29, 31, 32, 33, 34, 35, 72, 73, 74, 75, 76, 128, 220, 221, 222, 223, 224, 387, 388, 389, 390, 391, 392, 393, 394, 395, 396, 397, 398]
1051	[12, 43, 44, 45, 46]
1052	[7, 8, 9, 10, 11, 12, 96, 97, 98]
1053	[16, 17, 18, 19, 20, 51]
1054	[31, 32, 33, 34, 35, 36, 37, 50, 51, 52, 53, 54]
1055	[63, 96, 97, 98, 99, 100, 101]
1056	[29, 30, 31, 32, 33, 34]
1057	[29, 67, 68, 69, 70, 71, 72, 73]
1058	[8, 9, 10, 11]
1059	[4, 5, 6, 7, 8, 38, 39, 40, 41, 42, 143, 154, 155, 156, 157, 158, 159, 160]
1060	[10, 23, 24, 25, 26, 27]
1061	[12, 204, 205, 206, 207, 208]
1062	[118]
1063	[13, 19, 20, 21, 22, 23]
1064	[52]
1065	[85, 86, 87, 88, 89, 90]
1066	[113, 115, 116, 117, 118, 119]
1067	[49, 185, 186, 187, 188, 189, 190, 191, 192]
1068	[62, 369, 370, 371, 372, 373, 378, 379, 380, 381, 382, 383, 384, 385, 386, 387]
1069	[33, 61, 62, 63, 64, 253, 254, 255, 256, 257, 258]
1070	[74, 126, 127, 128, 129, 130, 240, 241, 242, 243, 249, 250, 251, 252, 253, 254]
1071	[106, 217, 218, 219, 220, 221, 222]
1072	[5, 32, 33, 34, 35]
1073	[91, 248, 249, 250, 251, 252, 253]
1074	[7, 81, 82, 83, 84, 85, 86]
1075	[23, 227, 228, 229, 230, 231, 232]
1076	[55, 193, 194, 195, 196, 197, 198]
1077	[87, 88, 89, 90, 91, 92, 93]
1078	[1, 31, 32, 33, 34, 35, 36, 37, 38]
1079	[40, 108, 109, 110, 111, 124, 125, 126, 127, 128, 129, 130, 151, 152, 153, 154]
1080	[50, 51, 52, 53, 54, 55, 56, 70, 71, 72, 73, 74, 75]
1081	[22, 45, 46, 47, 48, 49, 50, 51, 52]
1082	[24, 25, 26, 27, 28, 29, 30, 31, 47, 48, 49, 50, 78, 79, 80, 81, 82, 103]
1083	[18, 19, 20, 21, 22, 23, 104]
1084	[53, 196, 197, 198, 199, 200]
1085	[52, 53, 54, 55]
1086	[0, 1, 2, 3]
1087	[25, 26, 27]
1088	[26, 51, 52, 53, 54, 55, 56]
1089	[56, 171, 172, 173, 174, 175, 176, 177]
1090	[5, 116, 117, 118]
1091	[4, 5, 6, 7, 72, 138, 139, 140, 141, 142]
1092	[20, 21, 22, 23, 25, 26, 27, 28, 29, 30, 31]
1093	[39, 40, 41, 42, 43, 44, 45, 46, 47]
1094	[12, 45, 46, 47, 48, 49, 50]
1095	[4, 5, 6, 7, 8, 82, 185, 186, 187, 188, 189, 190, 191, 192, 194, 195, 196, 197, 198]
1096	[4, 5, 6, 7, 8, 81, 433, 434, 435, 436, 437]
1097	[25, 26, 27, 28, 29, 30, 31, 47]
1098	[61, 133, 134, 135, 136, 137, 138]
1099	[10, 11, 12, 13, 14, 15]
1100	[161, 184, 185, 186, 187, 188, 189, 228, 229, 230, 231]
1101	[1, 147, 148, 149, 150, 151, 153, 154, 155, 156]
1102	[22, 23, 24, 25, 26, 27, 102]
1103	[3, 4, 5, 6, 7, 8, 19]
1104	[39, 40, 41, 42, 43, 44]
1105	[31, 61, 62, 63, 64, 65, 66, 67, 68, 74, 75, 76, 77, 78, 79]
1106	[73, 74, 75, 76, 77, 78, 158, 159, 160, 161, 162, 163, 164, 165, 166, 189, 330, 331, 332, 333, 334, 335]
1107	[51, 52, 53, 54, 55]
1108	[15, 16, 17, 18, 19, 20]
1109	[24, 44, 45, 46, 201, 202, 203, 204, 205, 206, 207, 208, 209, 210]
1110	[15, 170, 171, 172, 173, 174, 175, 176, 177]
1111	[63, 186, 187, 188, 189, 190]
1112	[10, 28, 29, 30, 31, 76, 77, 78, 106, 107, 108, 109, 110, 111, 112, 126, 127, 128, 129, 130]
1113	[21, 111, 112, 113, 114, 115, 116]
1114	[7, 20, 21, 22, 23, 24]
1115	[1, 30, 31, 32, 33, 52, 53, 54, 55, 56, 57, 58, 59, 61, 62, 63, 64, 65]
1116	[56, 218, 219, 220, 380, 381, 382, 383, 384]
1117	[8, 9, 10, 11, 12, 54, 55, 56, 57, 58, 59, 102, 103, 104, 105, 154, 155, 156, 157, 167, 168, 169, 170, 171, 172, 173, 174, 175]
1118	[90, 117, 118, 119, 120, 340, 341, 342, 343, 344, 345, 346]
1119	[8, 9, 10, 11, 12, 13, 14]
1120	[147, 148, 149, 150, 151, 152, 153, 179]
1121	[85, 177, 178, 179, 180, 181, 182, 183, 184, 185, 186]
1122	[12, 43, 44, 45, 46, 47]
1123	[6, 44, 45, 46, 47]
1124	[10, 14, 15, 16, 17, 18, 19]
1125	[4, 5, 6, 7, 8, 9]
1126	[30, 140, 141, 142, 143, 144, 145, 146, 147]
1127	[20, 172, 173, 174, 175, 176, 287, 288, 289, 290, 304, 305, 306, 307, 308]
1128	[12, 13, 14, 15, 16, 19, 21, 22, 23, 24, 25, 26, 46, 47, 48, 49, 50, 51, 52, 53, 112, 113, 114, 115, 116, 122, 123, 124, 125, 126, 127, 128, 129]
1129	[7, 8, 9, 10, 11, 12, 13, 14, 15, 16]
1130	[15, 16, 17, 18, 19, 20, 21, 22, 23]
1131	[24, 25, 26, 27, 28, 29, 69, 103, 104, 105, 106, 107, 108, 109, 110, 111, 350, 351, 352]
1132	[161, 162, 163]
1133	[48, 49, 50, 51]
1134	[24, 182, 183, 184, 185, 186, 187]
1135	[21, 22, 23, 24, 25, 26, 27, 28, 29, 30, 68, 117, 118, 119, 120, 121, 122]
1136	[20, 21, 22, 23, 24, 56, 57, 58, 59, 60, 61, 62, 63, 64, 141]
1137	[50, 131, 132, 133, 134]
1138	[32, 33, 34, 35, 36, 37, 38, 39, 40, 43]
1139	[17, 32, 33, 34, 35, 36, 37, 38, 39, 40]
1140	[55, 56, 57, 58, 59, 60]
1141	[40, 59, 60, 61, 62, 63, 64, 65]
1142	[25, 26, 27, 28, 29, 30, 85]
1143	[235, 236, 237, 238, 239, 240, 241, 247]
1144	[0, 1, 2, 3, 4, 5, 6, 7, 11, 210, 211, 212, 213, 214, 285, 286, 287, 288, 289, 290, 291]
1145	[0, 1, 2, 3, 10, 14, 15, 16, 17, 18]
1146	[69, 110, 111, 112, 113, 114, 115, 116, 117, 118, 123, 124, 125, 126, 127, 128, 129]
1147	[19, 137, 138, 139, 140, 141]
1148	[13, 14, 15, 16, 17, 18, 179, 318, 319, 320, 321]
1149	[8, 9, 10, 11, 13]
1150	[]
1151	[15, 16, 17, 18]
1152	[22, 23, 24, 25, 26, 27, 29, 30, 31, 32, 36, 37, 38, 39, 40, 41, 42, 43]
1153	[31, 32, 33, 34, 35, 62]
1154	[16, 17, 18, 19, 20, 21, 22, 23, 24, 25, 55]
1155	[23, 24, 25, 26, 27, 28, 103]
1156	[16, 24, 25, 26, 27, 28, 29, 75, 76, 77, 78]
1157	[40, 55, 56, 57, 58, 59, 60, 61, 62, 63, 64]
1158	[5, 6, 7, 8, 10, 11, 12, 13, 83, 84, 85]
1159	[]
1160	[8, 9, 10, 11, 12]
1161	[10, 18, 19, 20, 64, 65, 66, 67]
1162	[42]
1163	[35, 39, 40, 41, 42, 43, 44]
1164	[42, 257, 258, 259, 260, 261, 262, 280, 281, 282, 283, 284, 285, 287, 288, 289, 290]
1165	[14, 79, 80, 81, 82, 83, 84, 85]
1166	[16, 17, 18, 19, 20]
1167	[7, 8, 9, 10, 71]
1168	[0, 1, 2, 3, 4, 5, 6, 7, 20, 62, 63, 64, 65]
1169	[0, 1, 2, 3, 4, 5]
1170	[17, 19, 20, 21, 22]
1171	[24, 154, 155, 156, 157, 158, 159, 161, 162, 163, 164]
1172	[13, 79, 80, 81, 82, 83, 84, 85]
1173	[0, 1, 2, 3, 4, 5, 6, 7, 8, 9]
1174	[13, 119, 120, 121, 122, 123, 124, 125, 126]
1175	[26, 27, 28, 29]
1176	[21, 37, 38, 39, 40, 41]
1177	[6, 7, 8, 9, 10, 67, 68, 69, 70, 71, 72, 73, 74, 75]
1178	[34, 35, 36, 37, 38, 58]
1179	[17, 18, 19, 20, 21, 22, 107]
1180	[85, 94, 95, 96, 97, 98, 99, 100, 120, 121, 122]
1181	[30, 219, 220, 221, 222, 223, 224]
1182	[22, 45, 46, 47, 48, 547, 548, 549, 550, 551, 552]
1183	[12, 13, 14, 15, 16, 17, 82, 83, 84, 85, 86, 87]
1184	[6, 85, 86, 87, 88, 89, 90, 115, 116, 117, 118, 119, 142, 143, 144, 145, 146, 147, 148]
1185	[43, 113, 114, 115]
1186	[21, 22, 23, 24, 25, 35]
1187	[38, 50, 51, 52, 53, 54, 55]
1188	[91, 129, 130, 131, 132, 133]
1189	[15, 16, 17, 18, 19, 20]
1190	[22, 23, 24, 64, 146, 147, 148, 149, 150, 151, 152, 153]
1191	[12, 85, 86, 87, 88, 89, 90]
1192	[46, 184, 185, 186, 187]
1193	[69, 99, 100, 101, 102, 103, 104, 105, 113, 114, 115, 180, 181, 182, 183, 184, 185]
1194	[21, 41, 42, 43, 44, 45, 46, 47, 48, 49, 50, 187, 188, 189, 190, 191]
1195	[53, 62, 63, 64, 65]
1196	[11, 71, 72, 73, 74, 75, 76, 77, 78, 80, 81, 82, 83, 84]
1197	[32, 33, 34, 35, 36, 37, 113, 114, 115, 116, 117, 118]
1198	[30, 68, 69, 70, 71, 72, 73, 74, 75, 76]
1199	[43, 195, 196, 197, 198, 199, 200, 201]
1200	[2, 39, 40, 41, 42, 43, 44]
1201	[11, 12, 13, 14, 27, 28, 29, 30, 31, 32, 33]
1202	[84, 85, 86, 87, 88]
1203	[20, 21, 22, 23, 24, 25, 26, 27, 28, 30, 31, 32, 33, 34, 153]
1204	[14, 31, 32, 33, 34, 35]
1205	[65, 171, 172, 173, 174, 175]
1206	[25, 26, 27, 28, 29, 30, 31, 32, 33, 36]
1207	[74, 75, 76, 77, 78, 79, 80, 82, 83, 84, 85, 86, 87, 88, 89]
1208	[36, 37, 38, 39, 40, 41, 43, 44, 45, 46]
1209	[7, 8, 9, 10, 11, 56]
1210	[94, 95, 96, 97, 287, 288, 289, 290, 291, 292]
1211	[5, 234, 235, 236, 237, 238, 239, 296, 297, 298, 299, 300, 301, 302, 303, 304, 305]
1212	[58, 59, 60, 61]
1213	[31, 120, 121, 122, 123, 124, 125]
1214	[0, 1, 2, 3, 4, 5]
1215	[27, 85, 86, 87, 88, 89, 171, 172, 173, 174]
1216	[48, 49, 50, 51, 52, 53, 54, 91, 246, 247, 248, 249, 250, 251, 252]
1217	[55, 237, 238, 239, 240, 241, 242]
1218	[]
1219	[35, 200, 201, 202, 203, 204]
1220	[2, 152, 153, 154, 155, 156, 157]
1221	[48, 49, 50, 51]
1222	[25, 81, 82, 83, 84, 85, 86, 87, 88, 89]
1223	[30, 35, 36, 37, 38, 39, 40, 41, 42, 91, 92, 93, 94, 95, 96]
1224	[26, 35, 36, 37, 38, 39, 40, 41]
1225	[71, 203, 204, 205, 227, 228, 229, 230, 387, 388, 389, 390, 391]
1226	[19, 20, 21, 22, 23, 24, 42]
1227	[40, 41, 42, 43, 44, 45, 71]
1228	[168, 169, 170, 171, 172, 173, 267]
1229	[3, 4, 5, 6, 7, 8]
1230	[17, 23, 24, 25, 26, 43, 44, 45, 46, 47, 48]
1231	[0, 10, 11, 12, 13, 177, 178, 179, 180, 181]
1232	[147, 213, 214, 215, 216, 217, 218]
1233	[16, 17, 18, 19, 20, 21, 22, 23]
1234	[9, 10, 11, 12, 13, 14, 15, 16, 66]
1235	[]
1236	[32, 33, 34, 35, 36]
1237	[23, 76, 77, 78, 79, 80, 81, 82, 83, 84, 85, 91, 92, 93, 94, 95, 96, 97]
1238	[27, 112, 113, 114, 115, 116, 117]
1239	[6, 27, 28, 29, 30, 31]
1240	[31, 184, 185, 186, 187, 188, 189]
1241	[177]
1242	[73, 74, 75, 76, 77, 78, 82, 214, 215, 216, 217, 218]
1243	[41, 42, 43, 44, 45, 46, 47, 48, 49]
1244	[17, 93, 94, 95, 96, 97]
1245	[37, 79, 80, 81, 82]
1246	[123, 127, 128, 129, 130, 131, 132]
1247	[84, 85, 86, 87, 88, 89]
1248	[19, 20, 21, 22, 23, 24, 25, 26, 93, 94, 95, 96]
1249	[21, 22, 23, 24, 25, 63]
1250	[5, 82, 83, 84, 85, 86, 87, 88, 89]
1251	[5, 173, 174, 175, 176, 177, 178, 179, 180, 181, 182]
1252	[45, 46, 47, 48, 49, 50]
1253	[57, 417, 418, 419, 420, 421, 422, 423, 424, 442, 443, 444, 445, 446, 447]
1254	[45, 46, 47, 48]
1255	[10, 11, 12, 13, 14]
1256	[]
1257	[20, 21, 22, 23, 24, 25, 26, 54, 55, 56, 57, 58, 59, 60, 61, 62, 63]
1258	[131, 140, 141, 142, 143]
1259	[26, 124, 125, 126, 127, 128, 129, 130, 131, 133, 134, 135, 136, 137, 138]
1260	[36]
1261	[0, 1, 2, 3, 4, 5, 18, 55, 56, 57, 58, 59, 60, 61, 62, 63, 64]
1262	[8, 9, 10, 11, 12, 151]
1263	[]
1264	[39, 93, 94, 95, 96, 237, 238, 239, 240, 241, 242, 243, 244, 335, 336, 337, 338, 339, 340, 341, 383, 384, 385, 386, 387, 395, 396, 397, 398, 399, 400, 401, 446, 447, 448, 449]
1265	[19, 20, 21, 22, 23, 24, 25, 26, 34, 35, 36, 37, 38, 128]
1266	[47]
1267	[]
1268	[14, 15, 16, 17, 18, 19, 20, 21, 58]
1269	[7, 63, 64, 65, 66, 68, 69, 70]
1270	[0, 1, 2, 3, 4, 5, 56, 57, 58, 59]
1271	[8, 9, 10, 11, 12, 13, 14, 15, 16, 25, 27, 28, 29, 30, 31, 32, 33, 141, 142, 143, 227, 228, 229, 230]
1272	[25, 168, 169, 170, 171, 172, 173, 174, 175]
1273	[4, 5, 6, 7, 8, 9, 10, 11, 29, 30, 31, 44]
1274	[15, 16, 17, 18, 19, 94, 144, 145, 146, 147, 148, 149, 150, 151]
1275	[4, 143, 144, 145, 146, 252, 253, 254, 255, 328, 329, 330, 346, 347, 348, 349, 350]
1276	[113, 171, 172, 173, 174, 175, 176]
1277	[48, 49, 50, 51, 52, 53, 55, 56, 57, 58, 59, 60, 61]
1278	[77, 157, 158, 159, 160, 161, 162]
1279	[0, 1, 2, 3, 4, 5, 6, 27]
1280	[56, 57, 58, 59, 60, 61, 62, 63, 64, 65]
1281	[1, 10, 11, 12, 13, 14, 36, 37, 38, 39, 40]
1282	[0, 1, 2, 3, 4, 5, 6, 7, 8, 33, 977, 978, 979, 980, 981, 982, 983, 984, 985, 986, 988, 989, 990, 991, 992, 993, 994, 995, 996, 997]
1283	[25, 74, 75, 76, 77, 78, 79, 80]
1284	[24, 25, 26, 27, 28, 29, 40]
1285	[1, 24, 25, 26, 27, 28, 29, 30]
1286	[11, 18, 19, 20, 21, 22, 23, 24, 25]
1287	[]
1288	[28, 29, 30, 31, 32]
1289	[18, 31, 32, 33, 34, 35, 36, 37, 38, 39, 58, 59, 60, 61, 62, 63, 64, 139, 140, 141, 142]
1290	[0]
1291	[114, 115, 116, 117, 118, 119, 120, 121, 122]
1292	[21, 22, 23, 24, 67, 210, 211, 212, 213, 214, 215, 216, 217, 218, 229, 230, 231, 232, 233, 234, 235]
1293	[51, 52, 53, 54, 82, 83, 84, 85, 86, 87, 108]
1294	[122, 150, 151, 152, 153, 154, 179, 180, 181, 182, 183, 184, 185, 293, 294, 295, 296, 297]
1295	[29, 30, 31, 32, 33, 34]
1296	[87, 88, 89, 90, 91, 92, 93, 94, 98]
1297	[8, 9, 10, 11, 23]
1298	[13, 14, 15, 16, 17, 108]
1299	[14, 15, 16, 17, 18, 19, 20, 21, 22, 23, 26, 27, 28, 29, 30, 31, 32, 33, 61, 155, 156, 157, 158, 159, 160, 161]
1300	[13]
1301	[95, 97, 98, 99, 100, 101]
1302	[7, 8, 9, 10, 11]
1303	[19, 20, 21, 22, 23, 24]
1304	[11, 30, 31, 32, 33, 34, 35]
1305	[87, 368, 369, 370, 371, 372, 373]
1306	[26]
1307	[14, 15, 16, 17, 18, 19]
1308	[100, 112, 113, 114, 115, 116, 117]
1309	[33, 71, 72, 73, 86, 87, 88, 89]
1310	[70, 293, 294, 295, 296, 297]
1311	[77, 100, 101, 102, 103, 104, 105, 161, 162, 163, 164, 165, 166, 167, 168, 169]
1312	[19, 40, 41, 42, 64, 65, 66, 67, 68, 69, 70]
1313	[18, 162, 163, 164, 165]
1314	[8, 9, 10, 11, 12]
1315	[4]
1316	[29, 30, 31, 32, 33, 34, 47, 77, 78, 79]
1317	[118]
1318	[37, 230, 231, 232, 233, 234, 300, 301, 302, 303, 304, 305]
1319	[0, 1, 2, 3, 4, 5, 120, 187, 188, 189, 190]
1320	[8, 9, 10, 11, 12, 13, 25]
1321	[43, 144, 145, 146, 147, 235, 236, 237, 238, 239, 240]
1322	[28, 29, 30, 31, 32, 41, 64, 65, 66, 67, 68, 69]
1323	[0, 1, 2, 3, 4, 5, 6, 7, 8, 16]
1324	[87, 103, 104, 105, 106, 107, 108, 109, 129, 130, 131, 132, 133, 134, 135]
1325	[]
1326	[54, 55, 56, 57, 58, 66, 67, 68, 69, 70, 87, 88, 89, 137, 138, 139, 140, 141, 142, 143, 221, 222, 223, 224, 225, 226, 227]
1327	[7, 26, 27, 28, 29, 30]
1328	[97, 156, 157, 158]
1329	[19, 20, 21, 22, 23, 24]
1330	[11]
1331	[17, 28, 29, 30, 31, 32, 97, 98, 99, 100, 101]
1332	[10, 19, 20, 21, 22, 23]
1333	[25, 36, 37, 38, 39, 40, 41, 42, 98, 99, 100, 101, 102]
1334	[15, 16, 17, 18, 19]
1335	[9, 10, 11, 12, 13, 58, 59, 60, 61, 62, 63, 64, 65, 66, 143]
1336	[1, 52, 53, 54, 55, 56]
1337	[359, 360, 361, 362, 370]
1338	[168]
1339	[21, 22, 23, 24, 25, 26, 168]
1340	[17, 30, 31, 32, 33, 34]
1341	[25, 155, 156, 157, 158, 159, 160, 161, 162]
1342	[10, 11, 12, 13, 14, 15, 16, 77, 149, 150, 151]
1343	[9, 10, 11, 12, 40, 147, 148, 149, 150, 151, 152, 219, 220, 221, 222, 223, 224]
1344	[16, 117, 118, 119, 120, 121, 122]
1345	[83, 84, 85, 86, 87, 88, 89, 90]
1346	[9, 10, 11, 12, 99, 263, 264, 265]
1347	[54, 55, 56, 57, 58]
1348	[30, 31, 32, 33, 34, 60]
1349	[12, 13, 14, 15, 16, 22, 47, 48, 49, 50, 51, 52, 54, 55, 56, 57, 58, 59, 60, 61, 62, 63]
1350	[28, 29, 30, 31, 32]
1351	[26, 158, 159, 160, 161, 162, 163, 330, 331, 332, 333, 334, 335, 336, 337]
1352	[]
1353	[7, 115, 116, 117, 118, 119, 120]
1354	[75, 76, 77, 78, 79, 80, 119, 211, 212, 213, 214, 215, 216]
1355	[32, 33, 34, 35, 36, 63, 64, 65, 66]
1356	[58, 59, 60, 61, 62, 63, 64]
1357	[10, 11, 12, 55, 56, 57, 58]
1358	[6, 7, 8, 9]
1359	[26, 27, 28, 29, 30]
1360	[16, 17, 18, 19, 20, 21, 22, 23, 24, 25]
1361	[17, 18, 19, 20, 21]
1362	[102, 103, 104, 105, 106, 107, 109, 110, 111, 112]
1363	[0, 1, 2, 3, 4, 5, 6]
1364	[21, 22, 23, 24, 25, 26, 27, 42, 240, 241, 242, 243, 244]
1365	[9, 10, 11, 12, 13, 14, 15, 16, 17, 18, 25, 54, 55, 56, 57, 58, 59]
1366	[8, 9, 10, 11, 12, 188, 292, 293, 294, 295]
1367	[17]
1368	[0, 1, 2, 3, 54]
1369	[52, 58, 59, 60, 61, 96, 97, 98, 99, 100, 110, 111, 112, 113, 117, 118, 119, 223, 224, 225, 226, 227, 228, 229, 230, 231]
1370	[15, 79, 80, 81, 82, 83, 84, 85, 86, 94, 95, 96, 97, 98, 99]
1371	[39]
1372	[9, 150, 151, 152, 153, 154, 155, 156, 157, 158]
1373	[120]
1374	[17, 25, 26, 27, 28, 29]
1375	[11, 12, 13, 17, 67, 68, 69, 70, 71, 72, 73, 74, 75, 76]
1376	[10, 11, 12, 13, 14, 15, 16, 17, 18, 42]
1377	[10, 11, 12, 13, 14, 15, 16, 17, 50, 51, 52, 53, 54, 55, 56, 129]
1378	[20, 21, 22, 23, 24, 25]
1379	[39, 40, 41, 126, 127, 128, 129, 130, 131, 132, 155]
1380	[9, 10, 11, 12, 13, 14]
1381	[45, 173, 174, 175, 176, 177]
1382	[7, 17, 18, 19, 20, 21]
1383	[19, 20, 21, 22, 23, 24, 25, 26, 32, 33, 34, 35, 36]
1384	[3, 4, 5, 6, 8, 9, 10, 11, 12, 13, 14]
1385	[10, 11, 12, 13, 21, 142, 143, 144, 145, 146, 147, 148, 149]
1386	[130]
1387	[41, 42, 43, 44, 45, 46]
1388	[9, 17, 18, 19, 20, 21, 33, 34, 35, 36, 37]
1389	[4, 5, 6, 7, 8, 9, 122, 123, 124, 125, 126, 127, 128, 157]
1390	[19, 198, 199, 200, 201, 202, 203, 204, 205]
1391	[]
1392	[18, 19, 20, 21]
1393	[21]
1394	[12, 26, 27, 28, 29, 30, 31]
1395	[108]
1396	[154, 348, 349, 350, 351]
1397	[78, 79, 80, 81, 82, 83, 84, 85]
1398	[38, 62, 63, 64, 65, 66, 67, 68, 69, 70, 71]
1399	[27, 61, 62, 63, 64, 65]
1400	[12, 13, 14, 15, 16, 17, 43]
1401	[25, 26, 27, 28, 29, 30, 46, 47, 48, 49]
1402	[8, 9, 10, 11, 12, 13, 14, 32]
1403	[66, 67, 68, 69, 70, 71]
1404	[31, 33, 34, 35, 36, 37, 38, 295, 296, 297, 701, 702, 703, 704, 705]
1405	[41, 80, 81, 82, 141, 142, 143, 144, 145, 146, 147, 148, 149, 150]
1406	[21, 214, 215, 216, 217, 218, 219]
1407	[19, 20, 21, 22, 23, 24]
1408	[0, 1, 2, 3, 4, 5, 6, 7, 8, 9, 43, 141, 142, 143, 144]
1409	[17, 18, 19, 20, 22, 108, 109, 110]
1410	[30, 31, 32, 33, 34, 35, 49, 57, 58, 59, 60, 61, 62, 63, 64]
1411	[30, 74, 75, 76, 77, 78, 79, 80, 146, 147, 148, 149, 150, 151]
1412	[5, 6, 7, 8, 16, 39, 40, 41]
1413	[13, 14, 15, 16, 17, 60, 98, 99, 100]
1414	[8, 9, 10, 11, 12, 13, 14, 20, 21, 22, 23, 24, 25, 26, 27, 28, 29]
1415	[18, 123, 124, 125, 181, 182, 183, 184, 185, 186]
1416	[59, 60, 61]
1417	[14, 15, 16, 17, 18, 19, 94]
1418	[29, 30, 31, 32, 33, 34, 35, 36, 37]
1419	[78, 251, 252, 253, 254, 255, 256, 257, 258, 259, 313, 314, 315, 316, 317, 322, 323, 324, 325, 326]
1420	[123, 469, 470, 471, 472, 473, 474, 475, 476]
1421	[19, 21, 22, 23, 24, 25, 26, 27, 28, 144, 145, 146, 147, 698, 699, 700, 701, 702]
1422	[12, 13, 14, 15, 16, 17, 44]
1423	[130, 131, 132, 133, 134, 135, 251, 252, 253, 254, 255, 256, 257, 258, 259, 260, 317, 318, 319, 320, 321, 346]
1424	[12, 13, 14, 15, 16, 17, 18, 19, 20]
1425	[15, 61, 62, 63, 64, 65, 66, 67, 68, 70, 71, 72, 73, 74, 75, 76]
1426	[0, 11, 12, 13, 14, 15, 118, 119, 120, 121]
1427	[24, 25, 26, 27, 28, 29, 36, 37, 38, 39, 40]
1428	[24, 25, 26, 27, 32, 291, 292, 293, 294, 295, 296, 297, 298, 299, 300, 514, 515, 516, 517, 518, 519, 520, 521]
1429	[28, 29, 30, 31]
1430	[7, 8, 9, 10, 19]
1431	[53, 77, 78, 79, 80, 81, 82, 83, 85, 86, 87, 88, 89, 90, 91]
1432	[42, 43, 44, 45, 46, 47, 48, 90, 124, 125, 126, 127]
1433	[11, 12, 13, 14, 15]
1434	[12, 13, 14, 15, 16]
1435	[15, 93, 94, 95, 96, 97, 98, 99, 100, 101]
1436	[8, 9, 10, 11, 12, 13, 14, 15, 16, 17, 71, 334, 335, 336, 337, 338, 339, 340]
1437	[39, 40, 41, 42, 43, 77, 83, 84, 85, 86, 92, 93, 94, 95, 96, 97]
1438	[4, 39, 40, 41, 42]
1439	[11, 12, 13, 14, 43, 80, 81, 82, 83, 84, 85, 86]
1440	[43, 44, 45, 46, 47, 48, 49, 53, 65, 66, 67, 68, 95, 96, 97, 98, 99, 100, 101, 102, 103, 224, 225, 226, 227, 228]
1441	[136, 230, 231, 232, 284, 285, 286, 287, 288, 289, 290, 291]
1442	[25, 26, 27, 28, 29, 30]
1443	[89, 99, 100, 101, 102]
1444	[38, 76, 77, 78, 79, 155, 156, 157, 469, 470, 471, 472]
1445	[106, 179, 180, 181, 182, 329, 330, 331, 332]
1446	[36, 460, 461, 462, 463, 464, 465, 523, 524, 525, 526, 527, 528, 529, 530]
1447	[34, 35, 36, 37, 99]
1448	[72, 147, 148, 149, 150, 151, 248, 249, 250, 251, 252, 253]
1449	[87, 88, 89, 90, 91]
1450	[12, 13, 14]
1451	[62, 63, 64, 65, 66, 93, 94, 95, 96, 97, 106]
1452	[2, 3, 4, 5, 10, 11, 12, 13]
1453	[5, 6, 7, 8, 9, 10, 125, 126, 127, 128, 129, 273, 274, 275]
1454	[17, 18, 19, 31, 219, 220, 221, 222, 223, 224, 305, 306, 307, 308]
1455	[56]
1456	[29, 68, 69, 70, 71, 72, 73, 74, 75]
1457	[4, 5, 6, 7, 8, 9, 10, 11, 22]
1458	[5, 85, 86, 87, 88, 89, 90, 91, 92, 93]
1459	[48, 180, 181, 182, 183, 184, 185, 186]
1460	[2, 3, 4, 5, 6, 7, 38, 39, 40, 77, 78, 79, 80, 81]
1461	[10, 48, 49, 50, 51, 52, 53, 54, 275, 276, 277, 278, 279, 280, 281, 282, 283]
1462	[4, 148, 149, 150]
1463	[54, 449, 450, 451, 452, 453, 481, 482, 483]
1464	[27, 28, 29, 30, 31, 32]
1465	[22, 98, 99, 100, 101]
1466	[57, 58, 59, 111, 163, 164, 165, 166, 167]
1467	[27, 92, 93, 94, 95, 96]
1468	[87, 88, 89, 90]
1469	[37, 38, 39, 51]
1470	[59, 60, 61, 62, 69, 106, 107, 108, 109, 110, 111, 112, 113, 114, 115]
1471	[32, 40, 41, 42, 43, 44, 45]
1472	[5, 9, 10, 11, 12, 13, 14, 318, 319, 320, 321, 322, 323]
1473	[51, 81, 82, 83, 84]
1474	[17, 20, 21, 22, 23]
1475	[20, 59, 60, 61, 62, 63, 64, 65, 130, 131, 132, 133, 134]
1476	[110, 292, 293, 294, 295, 296, 297, 298, 364, 365, 366, 367, 368, 369]
1477	[102, 230, 231, 232, 233, 234, 235, 279, 280, 281, 282, 283, 284, 285]
1478	[49]
1479	[58, 373, 374, 375, 376, 377, 378, 379, 380, 381]
1480	[13, 14, 15, 16, 23, 59, 60, 61, 104, 105, 106, 107, 108]
1481	[58, 273, 274, 275, 277, 278, 279, 280, 281, 282, 283]
1482	[39, 141, 142, 143, 144, 145, 146]
1483	[10, 71, 72, 73, 74, 75, 76, 77, 360, 361, 362, 363, 364, 365]
1484	[14, 15, 16, 17, 18, 19, 20, 21, 23]
1485	[16, 17, 18, 19, 20]
1486	[33, 34, 35, 36, 48]
1487	[11, 12, 13, 14, 15]
1488	[46, 140, 141, 142, 143, 144, 145]
1489	[120, 121, 122, 123, 124, 125, 126, 127, 162, 491, 492, 493, 494, 495, 496, 497, 498]
1490	[5, 6, 7, 8, 9, 10, 11, 24, 29, 30, 31, 32, 33, 34, 35, 36, 37, 38]
1491	[10, 11, 12, 13, 14]
1492	[53, 135, 136, 137, 138, 139, 140]
1493	[26, 27, 28, 29, 30, 31, 32, 33, 34]
1494	[102, 103, 104, 105, 106, 194, 195, 196, 197, 198, 199]
1495	[30, 31, 32, 33, 34, 35, 41, 42, 43, 44, 45, 46, 65]
1496	[22, 23, 24, 25, 26, 49, 50, 51, 52]
1497	[52, 63, 64, 65, 66, 67, 119, 120, 121, 122, 123]
1498	[75, 76, 77, 78, 79]
1499	[11, 12, 13, 14, 70]
1500	[20, 95, 96, 97, 98, 99, 100, 102, 103, 104, 105]
1501	[4, 480, 481, 482, 483, 484, 485, 486]
1502	[35, 36, 37, 38, 39, 40, 41]
1503	[68, 69, 70, 71, 85]
1504	[50, 51, 52, 53, 116, 223, 224, 225, 278, 279, 280]
1505	[24, 25, 26, 27, 28, 128, 180, 181, 182, 183, 184, 185, 186, 482, 483, 484, 485, 486, 487, 562, 563, 564]
1506	[32, 86, 87, 88, 89, 90, 91, 92]
1507	[15, 16, 17, 18, 19, 20, 48, 161, 162, 163, 164, 165, 166, 167, 168]
1508	[18, 19, 20, 21, 22, 43]
1509	[12, 13, 14, 15, 16, 17, 18, 19, 29, 114, 115, 116, 117, 118, 119]
1510	[0, 1, 2, 3]
1511	[111, 112, 113, 114, 115, 116, 117, 118]
1512	[27, 153, 154, 155, 776, 777, 778, 779]
1513	[87, 95, 96, 97, 98, 99, 100]
1514	[108, 109, 110, 111, 112, 131, 240, 241, 242, 243, 244]
1515	[6, 39, 40, 41, 42, 43, 44, 45]
1516	[0, 1, 2, 3, 10, 11, 12, 13, 14]
1517	[70, 71, 72, 73, 74]
1518	[34, 397, 398, 399, 400, 401, 402, 425, 426, 427, 428, 429, 430, 431, 432, 433]
1519	[]
1520	[45, 53, 54, 55, 56]
1521	[63, 77, 78, 79, 80, 81, 82, 83, 84, 85, 212, 213, 214, 215, 216, 217, 218]
1522	[29]
1523	[18, 19, 20, 21, 22, 23, 87]
1524	[13, 14, 15, 16, 17, 18, 60, 61, 62, 63, 98]
1525	[62, 63, 64, 65, 66, 67, 68, 69, 70, 71, 72, 73]
1526	[5, 6, 7, 8, 9, 10, 195, 196, 197, 198, 199, 200]
1527	[26]
1528	[49]
1529	[28, 29, 30, 31, 32, 33, 34]
1530	[36, 52, 53, 54, 55, 56]
1531	[13, 68, 69, 70, 71, 193, 194, 195, 196, 197, 198, 297, 298, 299, 300, 301]
1532	[43, 44, 45, 46, 47, 48, 49, 50]
1533	[0, 1, 2, 3, 21, 22, 23, 24]
1534	[9, 238, 239, 240, 241, 242]
1535	[3, 4, 5, 6, 7, 8, 83]
1536	[17, 245, 246, 247, 374, 375, 376, 377, 378, 379, 380, 969, 970, 971, 972, 973, 974]
1537	[31, 32, 33, 34, 35, 36, 46, 47, 48]
1538	[57]
1539	[94]
1540	[]
1541	[0, 1, 2, 3, 4, 5, 120]
1542	[135, 292, 293, 294, 295, 296, 466, 467, 468, 469, 470, 471, 521, 522, 523, 524, 525, 581, 582, 583, 584]
1543	[46, 55, 56, 57, 58, 59, 60, 61, 70, 71, 72, 73]
1544	[4, 66, 67, 68, 69, 70]
1545	[15, 308, 309, 310, 311, 312, 581, 582, 583, 584, 585]
1546	[18, 284, 285, 286, 287, 288, 289]
1547	[73, 74, 75, 76, 77, 93, 94, 95, 96, 97, 98, 99, 158]
1548	[14, 239, 240, 241, 242, 243]
1549	[7, 8, 9, 10, 11, 12, 13, 206, 207, 208, 209, 210]
1550	[1, 140, 141, 142, 143, 144]
1551	[11, 12, 13, 14]
1552	[1, 2, 3, 35, 36, 37, 38, 39]
1553	[11, 21, 22, 23, 24, 25, 26, 27, 32, 33, 34, 35, 36, 37, 38, 116, 117, 118, 119]
1554	[0, 1, 2, 3, 4, 5, 6, 7, 19, 20, 21, 22, 23, 25, 51, 52, 53, 54, 55, 56, 57]
1555	[8, 9, 10, 11, 12, 13, 23, 59, 60, 61]
1556	[62, 63, 64, 65, 66, 91]
1557	[4, 5, 6, 7, 8, 9, 10]
1558	[15, 156, 157, 158, 159, 160, 161, 381, 382, 383, 384, 385]
1559	[22, 23, 24, 25, 26, 28]
1560	[9, 24, 25, 26, 27]
1561	[8, 9, 10, 11, 12, 13, 14, 15, 60]
1562	[18, 29, 30, 31, 32, 33, 34, 35, 249, 250, 251, 252, 308, 309, 310, 441, 442, 443, 444, 445, 446, 447, 529, 530, 531, 532, 770, 771, 772, 773, 774, 775, 776]
1563	[37, 39, 40, 41, 42, 43, 44, 45, 46, 47]
1564	[56, 57, 58, 59, 60, 61]
1565	[16, 17, 18, 19, 20, 21, 33, 34, 35, 36, 37, 62]
1566	[66, 201, 202, 203, 204, 205, 206, 207, 208, 209]
1567	[57, 99, 100, 101, 102, 103, 104]
1568	[5, 6, 7, 64]
1569	[52, 53, 54, 55, 56, 57, 58, 154, 489, 490, 491, 492, 493]
1570	[22, 23, 24, 25, 26]
1571	[14, 19, 121, 122, 123, 124, 125]
1572	[20, 96, 97, 98, 99, 226, 227, 228, 229, 230, 231, 232, 280, 281, 282, 283, 284, 285, 286, 287, 288]
1573	[37, 38, 39, 40, 41, 42, 43, 44, 45, 46, 48, 49, 50, 70]
1574	[5, 85, 86, 87, 88, 89, 90]
1575	[31, 121, 122, 123, 124, 125, 126, 127, 128, 129, 130, 131, 132, 342, 343, 344, 345]
1576	[50, 219, 220, 221, 222, 223, 224, 225, 226, 227, 228, 229, 230, 263, 264, 265, 266, 267, 268, 286, 287, 288, 289, 290, 291, 522, 523, 524]
1577	[40]
1578	[40, 41, 42, 43, 44, 45, 46, 48, 49, 50, 51, 52, 145]
1579	[0, 36, 37, 38, 39, 40, 41, 42, 105, 106, 107, 108, 109, 110, 111, 127, 128, 129, 130, 131]
1580	[6, 169, 170, 171, 172, 173]
1581	[4, 5, 6, 7, 8, 9, 78, 107, 108, 109, 110, 111]
1582	[9, 10, 11, 12, 13, 64]
1583	[12, 13, 14, 15, 16, 67, 115, 116, 117, 118, 119, 120, 153, 154, 155, 156, 157, 158]
1584	[10, 11, 12, 13, 14, 15, 16, 17, 18, 40, 563, 564, 565, 566]
1585	[66, 67, 68, 163, 189, 190, 191, 192, 193, 194, 195]
1586	[237, 281, 282, 283, 284, 285, 286, 287]
1587	[4, 5, 6, 7, 8, 9, 57, 249, 250, 251, 252]
1588	[49, 50, 51, 52, 53, 54, 73]
1589	[30, 31, 32, 33, 135]
1590	[74, 82, 83, 84, 85, 86, 87, 88, 89, 113, 114, 115, 116, 117, 118, 157, 158, 159, 160, 161, 162, 163, 164]
1591	[5, 112, 113, 114, 115, 116]
1592	[59, 280, 281, 282, 283, 284, 285, 538, 539, 540, 541, 542, 543, 544]
1593	[21, 50, 51, 52, 53, 54, 55, 68, 69, 70, 71, 72, 73, 74, 75, 173, 174, 175, 176, 177, 178]
1594	[24, 26, 27, 28, 29, 30, 31]
1595	[30, 55, 56, 57, 58, 59, 60]
1596	[95, 122, 123, 124]
1597	[33, 228, 229, 230, 231, 232, 233, 234, 250, 251, 252, 253, 254, 255, 256]
1598	[10, 11, 12, 13, 14, 15, 16, 17, 18, 19, 64, 261, 262, 263, 264, 265, 266]
1599	[22, 28, 29, 30, 31, 32, 33, 34, 35, 78, 79, 80, 81, 82, 83, 84]
1600	[2, 88, 89, 90, 91, 92, 93, 465, 466, 467, 468, 469, 470, 471, 472, 473, 474]
1601	[64, 121, 122, 123, 215, 216, 217, 218, 219, 220]
1602	[67, 808, 809, 810, 811, 812, 813]
1603	[20, 73, 74, 75, 220, 221, 222, 223, 236, 237, 238, 239, 240, 241, 242]
1604	[4, 25, 26, 27, 28, 29, 42, 43, 44, 45, 46, 135, 136, 137, 138, 139, 173, 174, 175]
1605	[16, 17, 18, 57, 79, 80, 81, 82, 83]
1606	[8, 18, 19, 20, 21, 22, 23, 24, 25]
1607	[15, 16, 17, 18, 19, 20]
1608	[2, 81, 82, 83, 84, 85, 86]
1609	[1, 2, 3, 9, 10, 11, 12]
1610	[7, 41, 42, 43, 44, 45, 46, 47, 48, 49]
1611	[20, 62, 63, 64, 65, 66, 67, 68, 70, 71, 72, 73, 74]
1612	[14, 15, 16, 17, 18]
1613	[16, 327, 328, 329, 426, 427, 428, 429, 430, 431, 432, 433, 434, 435, 472, 473, 474, 475]
1614	[25, 26, 27, 46, 47, 48, 49, 50, 58, 60, 61, 62, 63, 64, 65, 66]
1615	[57]
1616	[]
1617	[62, 63, 64, 65, 66]
1618	[33, 96, 97, 98, 99, 100, 101, 102, 104, 105, 106, 107, 108, 109, 110]
1619	[20, 21, 22, 23, 24, 25]
1620	[]
1621	[55, 56, 57, 58, 59, 60]
1622	[2, 10, 11, 12, 13, 14, 15, 16, 17, 18]
1623	[19, 20, 21, 22, 23, 24, 25, 26, 27]
1624	[27, 28, 29, 30, 31, 32, 82, 83, 84, 85]
1625	[21, 61, 62, 63, 64, 65, 66]
1626	[25, 26, 27, 28, 29, 30, 100, 142, 143, 144, 145]
1627	[11, 12, 13, 14, 15, 16, 17, 18, 20, 21, 22, 23, 46, 47, 48, 49, 50, 51, 52]
1628	[31, 32, 33, 34, 35]
1629	[65, 489, 490, 491, 492, 493, 494, 495]
1630	[181, 382, 383, 384, 385, 386, 387, 430, 431, 432]
1631	[7, 8, 9, 10, 11, 13, 14, 15, 16, 17, 18, 19]
1632	[48, 196, 197, 198, 199]
1633	[28, 29, 30, 31]
1634	[17, 19, 20, 21, 22, 115, 116, 117]
1635	[13, 29, 30, 31, 32, 33, 34, 77, 78, 79, 80, 81]
1636	[27, 61, 62, 63, 64, 65, 66]
1637	[14, 15, 16, 17, 18, 19, 20, 34, 35, 36]
1638	[23, 541, 542, 543, 544, 545, 546, 547]
1639	[22, 26, 27, 28, 29, 30]
1640	[69, 101, 102, 103, 104, 105]
1641	[51, 114, 115, 116, 117, 118, 119, 120]
1642	[15, 47, 48, 49, 50, 51]
1643	[31, 32, 33, 34]
1644	[58, 107, 108, 109, 110, 111, 162, 163, 164]
1645	[49, 50, 51, 52, 53, 54]
1646	[89, 90, 91, 130, 312, 313, 314, 315, 316, 317, 318, 319, 320, 321, 328, 329, 330, 718, 719, 720, 721, 722, 723, 724, 725]
1647	[24]
1648	[118, 119, 120, 121, 122, 123]
1649	[39, 64, 65, 66, 67, 68, 69, 70, 71, 73, 74, 75, 76, 77, 78, 79, 80, 81]
1650	[14, 15, 16, 17, 18, 19, 20, 21, 23, 24, 25, 26, 27, 64, 65, 66, 67, 68, 69]
1651	[26]
1652	[9, 12, 13, 14, 15, 16]
1653	[16, 17, 18, 19, 20, 21, 70]
1654	[]
1655	[10, 11, 12, 13, 14, 18, 95, 96, 97, 98, 99, 100]
1656	[55, 56, 57, 58]
1657	[6, 106, 107, 108, 109, 110, 111]
1658	[277, 286, 287, 288, 289, 290, 291, 292, 293, 294]
1659	[12, 13, 14, 15, 65, 66, 67]
1660	[21, 40, 41, 42, 43, 44, 45, 46, 47, 49, 50, 51, 52, 53]
1661	[38, 39, 40, 41, 42, 43, 44, 70]
1662	[55, 66, 67, 68]
1663	[57, 58, 59, 60, 61, 62, 63, 64, 66, 67, 68, 69, 70]
1664	[50]
1665	[40, 79, 80, 81, 82, 83, 84]
1666	[20, 21, 22, 23, 24, 25, 26, 27, 44, 58, 59, 60, 61]
1667	[41, 187, 188, 189]
1668	[65, 66, 67, 68, 69, 70, 73, 74, 75, 76, 77, 98]
1669	[29, 31, 32, 33, 34, 35, 36, 37, 38, 39]
1670	[7, 69, 70, 71, 72]
1671	[34, 51, 52, 53, 54]
1672	[15, 29, 30, 31, 32, 33, 34, 201, 202, 203, 204, 205]
1673	[12, 13, 14, 15, 16, 17, 18]
1674	[67, 68, 69, 70, 71, 72, 73, 109, 110, 111, 112, 113, 114, 115, 116, 139, 201, 202, 203, 204, 205, 206, 207, 208]
1675	[8, 9, 10, 11, 12, 13, 14, 15, 16, 113, 114, 115, 116, 117, 119]
1676	[87, 163, 164, 165]
1677	[]
1678	[7, 8, 9, 10, 11, 12, 13]
1679	[0, 1, 2, 3, 4]
1680	[19, 62, 63, 64, 65, 66, 192, 193, 194, 195, 196, 197, 198]
1681	[19, 52, 53, 54, 55, 56, 57, 191, 192, 193, 194, 195, 196]
1682	[33, 89, 90, 91, 92, 93, 94]
1683	[47, 271, 272, 273, 274, 275, 276, 277, 279, 280, 281, 282, 283, 284]
1684	[7, 85, 86, 87, 88, 89, 90, 91, 92, 93, 94, 95, 96, 113, 114, 115, 116, 117, 118, 119, 120, 122, 123, 124]
1685	[8, 9, 10, 11, 12, 14]
1686	[10, 11, 12, 13, 14]
1687	[68, 301, 302, 303, 304]
1688	[74, 145, 146, 147, 148]
1689	[11, 12, 13, 14, 15, 16, 70, 71, 72, 73, 103]
1690	[3, 137, 138, 139, 140, 141]
1691	[10, 11, 12, 13, 14, 15]
1692	[55, 56, 57, 58, 65, 72, 73, 74, 75]
1693	[26, 27, 28, 29, 51, 52, 53, 54, 55, 56, 57, 58, 70, 71, 72, 73]
1694	[41, 49, 50, 51, 52, 53, 54, 55]
1695	[13, 14, 15, 16, 17, 18, 19, 20, 21, 24, 54, 55, 56, 57, 58, 59, 60]
1696	[100, 101, 102, 103, 104, 105, 107, 108, 109, 149]
1697	[41, 86, 87, 88, 89, 409, 410, 411, 412, 413, 414, 415, 416]
1698	[109, 110, 111, 112, 113, 114, 115, 116, 117]
1699	[9, 65, 66, 67, 68, 69, 70, 71, 72, 73]
1700	[31, 88, 89, 90, 91, 92, 93]
1701	[0, 33, 34, 35, 36, 37, 38]
1702	[17, 18, 19, 20, 21, 22, 59]
1703	[0, 1, 2, 3, 4, 5]
1704	[0, 1, 2, 3, 4, 11]
1705	[0, 1, 2, 3, 4]
1706	[20, 21, 22, 23, 24, 25, 26, 27, 28, 37]
1707	[61, 320, 321, 322, 323, 324, 325, 326]
1708	[11, 21, 22, 23, 24, 25]
1709	[54, 55, 56, 57, 58, 59, 104]
1710	[44, 45, 46, 47, 48, 60]
1711	[4, 5, 6, 7, 8, 77, 259, 260, 261, 262, 263, 265, 266, 267, 268, 269]
1712	[12, 13, 14, 15, 16, 17, 90, 94, 95, 96, 97, 98, 99, 100, 101, 102]
1713	[87, 139, 140, 141, 142, 259, 260, 261, 262, 263, 264, 265, 266, 267, 268, 281, 282, 283, 284, 285, 286, 287]
1714	[11, 12, 13, 14, 15, 16, 17]
1715	[6]
1716	[8, 16, 17, 18, 19]
1717	[168, 236, 237, 238, 239, 240, 419, 420, 421, 422, 423, 424, 425, 451, 452, 453, 454, 455]
1718	[9, 67, 68, 69, 70, 71, 72, 73, 74, 75]
1719	[17, 18, 19, 20, 21, 22, 23, 24, 25, 51]
1720	[33]
1721	[10]
1722	[190, 224, 225, 226, 227, 229, 230, 231, 232, 233]
1723	[26]
1724	[2, 204, 205, 206]
1725	[23, 91, 92, 93, 94, 95, 96]
1726	[49, 51, 52, 53, 54]
1727	[34]
1728	[11, 12, 13, 14, 15]
1729	[26, 27, 28, 29, 30, 31, 228]
1730	[6]
1731	[0, 1, 2, 3, 4, 5, 48, 49, 50, 51, 52, 53, 54, 55]
1732	[34, 56, 57, 58, 59, 60, 61, 244, 245, 246, 247, 248]
1733	[4, 26, 27, 28, 29, 30, 31, 32, 33, 41, 42, 43, 44, 45]
1734	[21, 44, 45, 46, 47, 48, 49]
1735	[22, 23, 24, 25]
1736	[0, 1, 2, 3, 16]
1737	[34, 214, 215, 216, 217, 218, 219, 220]
1738	[]
1739	[14, 41, 42, 43, 44, 45, 46]
1740	[7, 8, 9, 10, 11, 12, 13, 14, 15, 18]
1741	[18, 109, 110, 111, 112, 113, 114]
1742	[45, 195, 196, 197, 198, 199, 200, 341, 342, 343, 344, 345, 346, 347, 348, 349]
1743	[35, 39, 40, 41, 42, 43, 44]
1744	[11, 12, 13, 14, 15, 16]
1745	[42, 43, 44, 45, 46, 47, 48]
1746	[]
1747	[6, 21, 22, 23, 24, 25, 26, 27]
1748	[7, 8, 9, 10, 11, 12, 59]
1749	[83, 184, 185, 186, 187, 188, 189, 190, 230, 231, 232, 233, 234, 235, 236, 237]
1750	[21, 22, 23, 24, 25, 26, 59, 254, 255, 256, 257]
1751	[4, 5, 6, 7]
1752	[24, 25, 26, 27, 28, 29, 127]
1753	[18, 221, 222, 223, 224, 225, 226, 227, 483, 484, 485, 486, 566, 567, 568, 641, 642, 643, 644, 645]
1754	[2, 36, 37, 38, 39, 107, 108, 109, 110, 111, 112, 669, 670, 671, 672, 673, 875, 876, 877, 878, 879, 880, 886, 887, 888, 889, 890]
1755	[0, 197, 198, 199, 200, 227, 228, 229, 230, 231, 258, 259, 260, 261, 262, 292, 293, 294, 295, 296, 297, 298, 299, 300, 301, 327, 328, 329, 445, 446, 447, 448, 560, 561, 562, 563, 564]
1756	[29, 30, 31]
1757	[13, 14, 15, 16, 17, 18, 19]
1758	[2, 51, 52, 53, 54, 55, 56, 57]
1759	[21, 22, 23, 24, 25, 26]
1760	[19, 57, 58, 59, 60, 61]
1761	[34, 73, 74, 75, 76]
1762	[107, 108, 109, 110, 163]
1763	[7, 142, 143, 144, 145, 146, 147, 148]
1764	[4, 5, 6, 7, 8, 9, 27, 28, 29, 30, 31, 32, 33]
1765	[85, 86, 87, 88, 89, 90, 91, 92, 93]
1766	[73, 74, 75, 76, 77, 78, 179]
1767	[138, 139, 140, 141, 161]
1768	[7, 8, 9, 10, 111]
1769	[36, 37, 38, 39]
1770	[19, 20, 21, 22, 23, 24]
1771	[29, 30, 31, 32, 33, 34, 35, 36, 60, 77, 78, 79, 80, 81]
1772	[5]
1773	[0, 1, 2, 3, 4, 11, 12, 13, 14, 15, 16, 17, 18, 19, 20]
1774	[6, 7, 8, 9, 10, 11]
1775	[46, 47, 48, 49, 50, 51, 52, 54, 110, 111, 112, 113, 114, 115, 116, 117]
1776	[0, 1, 2, 3, 4, 5, 9]
1777	[15, 16, 17, 18, 19, 20, 37]
1778	[24, 25, 26, 27, 28]
1779	[21]
1780	[49, 219, 220, 221, 222, 223]
1781	[83, 102, 103, 104, 105, 106, 107, 108, 109, 110, 144, 145, 146, 154, 155, 156, 157, 158, 159, 160, 161]
1782	[42, 129, 130, 131, 132, 133, 134]
1783	[18, 20, 21, 22, 23, 24, 25]
1784	[66, 67, 68, 69, 70]
1785	[17, 18, 19, 20, 21, 22, 23, 70, 146, 147, 148, 149, 150, 151, 152]
1786	[24, 25, 26, 27, 28, 36, 37, 38, 39, 40, 41, 42]
1787	[0, 1, 2, 3, 142]
1788	[60, 61, 62, 63, 64, 65, 66, 67, 68, 101, 567, 568, 569, 685, 686, 687, 688, 689, 690, 691, 692]
1789	[32, 33, 34, 35, 36, 37]
1790	[47, 62, 63, 64, 65, 66, 67, 68, 69]
1791	[79, 109, 110, 111, 112, 113, 114]
1792	[13, 15, 16, 17, 18, 175, 176, 177]
1793	[4, 14, 15, 16, 17, 18]
1794	[42, 94, 95, 96, 97, 241, 242, 243, 244, 245, 246]
1795	[31, 32, 33, 34, 35, 36, 37]
1796	[59, 207, 208, 209, 210, 211, 212, 213, 214]
1797	[26, 27, 28, 29, 30, 31, 32, 33, 34, 35]
1798	[39, 48, 49, 50, 51, 52]
1799	[9, 124, 125, 126, 233, 234, 235, 236]
1800	[49, 50, 51, 52, 53, 55]
1801	[9, 10, 11, 12, 13, 14, 15, 87, 88, 89, 90]
1802	[16, 60, 61, 62, 63, 64]
1803	[46, 157, 158, 159, 160, 161, 162]
1804	[49, 50, 51, 52, 53, 54]
1805	[0, 1, 2, 3, 4, 5]
1806	[15, 16, 17, 18, 109, 115, 116, 117, 118]
1807	[139, 140, 141, 142, 143, 245, 246, 247]
1808	[19, 35, 36, 37, 38, 39, 40]
1809	[0, 1, 2, 3, 4, 5, 23]
1810	[20, 35, 36, 37, 38, 53, 54, 55, 56, 57, 58, 59]
1811	[12, 13, 14, 15, 45]
1812	[23, 24, 25, 26, 27, 28, 30]
1813	[50, 57, 58, 59, 60]
1814	[11, 12, 13, 14, 15, 16, 57]
1815	[28, 29, 30, 31, 32, 33]
1816	[29, 30, 31, 32, 152, 392, 393, 394, 395, 396, 397, 398, 399, 400]
1817	[24, 33, 34, 35, 36, 37, 74, 75, 76, 77, 78, 79, 80, 81, 82]
1818	[89, 144, 145, 146, 308, 309, 310, 311]
1819	[7, 8, 9, 10, 11, 39]
1820	[54, 58, 59, 60, 61, 106, 107, 108, 109, 110, 111, 112, 113, 114, 115]
1821	[8, 9, 10, 11, 42, 87, 88, 89, 90, 142, 143, 144, 145]
1822	[12, 13, 14, 15, 16, 48, 49, 50, 51, 52, 53]
1823	[38, 204, 205, 206, 207, 208, 209]
1824	[29, 126, 127, 128, 129, 132, 133, 134, 135, 136, 137, 140, 141, 142, 143]
1825	[29]
1826	[8, 9, 10, 11, 12]
1827	[12, 13, 14, 15, 38, 47, 48, 49, 50, 51]
1828	[]
1829	[31, 32, 33, 34, 35, 36]
1830	[73, 136, 137, 138, 139, 140, 141]
1831	[10, 11, 12, 13, 14, 15, 16, 17]
1832	[17, 87, 88, 89]
1833	[46, 247, 248, 249, 417, 418, 419, 420, 421, 422]
1834	[40, 67, 68, 69, 70, 71, 72]
1835	[19, 20, 21, 125]
1836	[14, 15, 16, 17, 18, 19, 55, 87, 88, 89]
1837	[19, 148, 149, 150, 151, 152, 153, 201, 202, 203, 204, 205, 206, 207]
1838	[73, 206, 207, 208, 209, 210]
1839	[45, 46, 47, 48, 49, 136, 137, 138, 139, 140, 141, 142, 143, 144]
1840	[31, 32, 33, 34, 35, 36]
1841	[51, 52, 53, 54, 55, 56, 57]
1842	[48, 49, 50, 51, 52, 53, 54, 55, 56]
1843	[]
1844	[12, 13, 14, 15, 16, 17, 55, 174, 175, 176, 177, 178, 179, 180, 181, 182, 243, 244, 245, 246, 247, 248, 249, 371, 372, 373, 374, 375, 376, 377, 378]
1845	[104, 212, 213, 214, 215, 216, 217, 218]
1846	[0, 15, 16, 17, 18, 19, 20]
1847	[46, 73, 74, 75, 96, 97, 98, 99, 100, 101, 102]
1848	[34, 35, 36, 37, 38, 40]
1849	[19, 111, 112, 113, 634, 635, 636, 637, 638, 639]
1850	[127, 248, 249, 250, 251, 252, 253, 254, 255, 256]
1851	[61, 62, 63, 69, 270, 271, 272, 273, 274, 275]
1852	[15, 23, 24, 25, 26, 27, 53, 54, 55, 56, 57, 58, 59]
1853	[23, 24, 25, 26, 27, 28, 29, 30, 32, 33, 34, 35, 36]
1854	[8, 9, 10, 11, 12, 13, 32]
1855	[2, 3, 4, 14, 15, 16, 17, 18, 19, 20, 21, 22, 23, 75]
1856	[41, 97, 98, 99, 100, 101, 102, 103, 106, 107, 108, 109, 110, 111, 114, 115, 116, 117, 118, 119, 120, 121, 123, 124, 125, 126, 127]
1857	[8, 9, 10, 11, 12, 132, 133, 134, 135]
1858	[28, 29, 30, 31, 32]
1859	[8]
1860	[111, 180, 181, 182, 183, 184, 185, 186, 187]
1861	[9, 10, 11, 12, 21, 22, 23, 24, 59, 60, 61, 62, 63]
1862	[33, 47, 48, 49, 50, 51, 52, 58, 59, 60, 61, 62, 63, 64, 65]
1863	[16, 59, 60, 61, 62, 63, 64, 66, 67, 68, 69, 70, 71, 96, 97, 98, 99]
1864	[31, 32, 33, 34, 35, 43]
1865	[35, 36, 37, 38, 39, 40, 41, 42, 43, 44, 53, 241, 242, 243, 248]
1866	[2, 3, 4, 5]
1867	[14, 15, 16, 17, 18, 19, 20, 21]
1868	[49, 87, 88, 89, 90, 91, 92]
1869	[56, 144, 145, 146, 147, 412, 413, 414, 444, 445, 446, 447, 448, 449]
1870	[0, 1, 2, 3, 4]
1871	[79, 80, 81, 82, 83, 84, 85, 86, 87, 90, 153, 154, 155, 156, 157, 158, 159, 160]
1872	[17, 18, 19, 20, 21]
1873	[57, 58, 59, 60, 61, 62]
1874	[69, 345, 346, 347, 348, 349]
1875	[31, 32, 33, 34, 35, 38]
1876	[5, 6, 7, 8, 9, 10, 11, 12, 98]
1877	[12, 13, 14, 15, 16, 17, 18]
1878	[16, 144, 145, 146, 147, 148, 149, 150, 151, 152, 153, 154, 155]
1879	[39, 40, 41, 42, 43, 44, 45, 46, 47, 48]
1880	[26, 27, 28]
1881	[39, 40, 41, 42, 43, 71]
1882	[72, 142, 143, 144, 145, 146]
1883	[12]
1884	[44, 45, 46, 47, 48, 49, 83]
1885	[31, 32, 33, 56, 57, 58, 59, 66]
1886	[61, 234, 235, 236, 237, 238, 239]
1887	[20, 66, 67, 68, 69, 93, 94, 95]
1888	[27, 28, 29, 30]
1889	[65, 134, 135, 136, 392, 393, 394, 395, 396, 397, 398]
1890	[8, 9, 10, 11, 12, 13, 14]
1891	[9, 10, 11, 12, 13, 160, 161, 162, 163, 164, 165, 170]
1892	[83, 84, 85]
1893	[13, 33, 34, 35, 36, 37, 38]
1894	[194, 348, 349, 350, 351, 352, 353]
1895	[23, 282, 283, 284, 285]
1896	[3, 72, 73, 74, 83, 84, 85, 86]
1897	[0, 1, 2, 3, 4, 5]
1898	[41, 42, 43, 44, 45, 46]
1899	[201, 322, 323, 324, 325, 592, 593, 594, 595, 596, 597, 598]
1900	[55, 56, 57, 58]
1901	[45, 46, 47, 48, 71, 102, 103, 104, 105, 106, 107]
1902	[4, 5, 6, 7, 8, 9, 10, 11]
1903	[41, 221, 222, 223, 224, 225, 226, 227, 228]
1904	[8, 9, 10, 11, 12]
1905	[28, 29, 30, 31, 32, 33]
1906	[27, 84, 85, 86, 87, 88, 89]
1907	[12, 253, 254, 255, 256]
1908	[11, 12, 13, 14, 15, 46]
1909	[11, 12, 13, 14, 15, 16, 17, 18, 19, 20, 21, 22, 86]
1910	[73, 81, 82, 83, 84, 85, 86, 87, 88]
1911	[57, 66, 67, 68, 69, 70]
1912	[20, 39, 40, 41, 42]
1913	[63, 101, 102, 103, 104, 105, 106, 107, 108]
1914	[16, 320, 321, 322, 323, 324, 325, 331, 332, 333, 334, 335]
1915	[67, 68, 69, 70, 71]
1916	[5, 6, 7, 8, 9, 10, 11, 12]
1917	[41, 42, 43, 44, 45, 46, 47, 48, 49]
1918	[4, 5, 6, 7, 8, 9]
1919	[98, 99, 100, 101, 102, 104, 123, 124, 125, 126, 127, 128]
1920	[75, 76, 77, 78, 79]
1921	[27, 40, 41, 42, 43, 44, 45, 172, 173, 174]
1922	[30, 31, 32, 33]
1923	[29, 31, 32, 33, 34, 35, 74, 75, 76, 77, 78]
1924	[26, 130, 131, 132, 133, 134]
1925	[]
1926	[28, 48, 49, 50, 51, 52]
1927	[83, 84, 85, 86]
1928	[20, 27, 28, 29, 30, 31, 32, 33]
1929	[25, 26, 27, 28, 29, 30, 31, 45, 46, 47, 48]
1930	[16, 51, 52, 53, 54, 55, 56]
1931	[28, 29, 30, 31, 32, 34, 35, 36]
1932	[11]
1933	[147, 148, 149, 150, 151, 153, 154, 155, 156, 157, 158, 160, 161, 162, 163, 164]
1934	[11, 19, 20, 21, 22]
1935	[13, 14, 15, 16, 17, 18, 19]
1936	[26, 27, 28, 29, 30, 31, 32, 33, 34, 46]
1937	[12, 68, 69, 70, 71, 72, 73]
1938	[0, 1, 2, 3, 4, 5, 6, 19, 20, 21, 22, 23, 83]
1939	[16, 29, 30, 31, 32, 33, 34]
1940	[22, 26, 27, 28, 29, 30]
1941	[11, 15, 16, 17, 336, 337, 338, 339, 340, 341]
1942	[21, 22, 23, 24, 25, 26, 27, 28, 29, 46]
1943	[6, 7, 8, 9, 10, 129, 130, 131, 132, 133, 134, 135, 136, 137, 138]
1944	[26, 106, 107, 108, 109]
1945	[13, 22, 23, 24]
1946	[1, 23, 24, 25, 26, 27, 33, 34, 35, 36, 37]
1947	[132, 133, 134, 135, 151, 158, 159, 160, 161, 162, 292, 293, 294, 295, 296, 307, 308, 309, 310, 315, 316, 317, 318, 319, 320, 321, 322, 323, 324, 325, 326, 327]
1948	[89, 90, 91, 92, 93, 94]
1949	[8, 9, 10, 11, 12]
1950	[22, 23, 24, 25, 26, 27, 28, 29, 78]
1951	[55]
1952	[59, 60, 61, 62, 82, 83, 84, 85]
1953	[225]
1954	[0, 1, 2, 3, 4]
1955	[23, 185, 186, 187, 188, 189, 190]
1956	[28, 29, 30, 31, 32, 33, 70]
1957	[]
1958	[78, 79, 80, 81]
1959	[20, 21, 22, 23, 24, 25, 26, 37]
1960	[49, 50, 51, 52, 53, 54]
1961	[28, 29, 30, 31, 32, 38, 39, 40]
1962	[28, 29, 30, 31, 32, 33]
1963	[10, 379, 380, 381, 382, 389, 390, 391, 392, 393, 394, 395, 396, 397, 398, 399, 400, 401]
1964	[17, 23, 24, 25, 26, 27, 28, 29, 30, 31]
1965	[1, 2, 3, 4, 13, 162, 163, 164, 165, 166, 167, 168, 169]
1966	[37, 157, 158, 159, 160, 161, 162, 163, 164, 165, 166, 295, 296, 297, 298]
1967	[92, 145, 146, 147, 148, 149, 150, 151, 152, 153]
1968	[17, 18, 19, 20, 21, 66, 104, 105, 106, 107]
1969	[8, 9, 10, 11, 12, 13, 14, 47]
1970	[44, 54, 55, 56, 57, 58, 59, 60, 61, 62, 63, 65, 66, 67, 68, 69]
1971	[68]
1972	[17, 27, 28, 29, 30, 31, 32, 170, 171, 172, 173, 174, 175, 176, 177]
1973	[88, 110, 111, 112, 124, 125, 126, 127, 135, 136, 137, 138, 139, 140, 141, 142, 143]
1974	[83]
1975	[24, 70, 71, 72, 73, 74]
1976	[106, 140, 141, 142, 143, 144, 145, 146, 147]
1977	[26, 162, 163, 164, 165, 166, 167]
1978	[116, 180, 181, 182, 183, 184, 185, 186, 187, 188, 189, 349, 350, 351, 352, 353]
1979	[35, 38, 39, 40, 41]
1980	[8, 9, 10, 11, 12, 74, 263, 264, 265]
1981	[13, 15, 16, 17, 18, 19, 20, 21]
1982	[0, 1, 2, 3, 4, 5, 102]
1983	[41, 42, 43, 44, 45, 46]
1984	[43, 44, 45, 46, 56]
1985	[12, 13, 14, 15, 16, 17, 18, 19, 20, 32, 33, 34, 35, 67]
1986	[0, 1, 2, 3, 4, 5, 6]
1987	[14, 52, 53, 54, 55, 56, 57]
1988	[65, 105, 106, 107, 108, 109, 110, 111, 112, 113, 114, 116, 117, 118, 119, 161, 162, 163, 164, 165, 166]
1989	[42, 78, 79, 80, 81]
1990	[13, 14, 15, 16, 17, 18, 19, 20, 21]
1991	[90, 91, 92, 93, 94]
1992	[76, 77, 78, 79, 80, 81, 82]
1993	[50, 52, 53, 54, 55, 56, 57, 58, 59, 60]
1994	[26, 30, 31, 32, 33, 34, 35]
1995	[4, 5, 6, 7, 8, 67, 70, 71, 72, 73, 74, 75, 76, 77]
1996	[23, 24, 25, 26, 27, 69, 80, 81, 82, 83, 84, 85, 86, 87, 88, 89]
1997	[13, 157, 158, 159, 160, 161, 162, 163, 164, 165, 166]
1998	[15]
1999	[63, 307, 308, 309, 310, 311, 312, 313, 314, 637, 638, 639, 640, 641, 642, 643, 644, 828, 829, 830, 831]
