0	[118, 119, 120, 121, 122, 123, 133, 134, 135]
1	[81, 82, 83, 84, 85, 86]
2	[483, 484, 485, 486, 487, 488, 489, 490]
3	[162, 163, 164, 413, 414, 415, 416, 417, 418, 419, 420, 432, 433, 434, 435]
4	[]
5	[129, 130, 131, 132, 133, 134]
6	[]
7	[55, 56, 57, 58, 59, 60, 61, 62]
8	[37, 38, 39, 40, 41, 134, 135, 136, 137, 204, 205, 206, 207, 208, 321, 322, 323, 324, 325, 326]
9	[94, 95, 96, 97]
10	[17, 18, 19, 20, 21, 22, 23, 24, 26, 27, 28, 29, 30]
11	[6, 7, 8, 9, 10]
12	[58, 59, 60, 61, 62, 63]
13	[201, 202, 203, 204, 205, 206, 207, 208, 209, 210]
14	[]
15	[134, 135, 136, 137, 138, 139]
16	[22, 23, 24, 25, 26]
17	[12, 13, 14, 15, 16]
18	[2, 3, 4, 5]
19	[47, 48, 49, 133, 134, 135, 136, 137]
20	[]
21	[0, 1, 2, 3, 4]
22	[88, 89, 90]
23	[19, 20, 21]
24	[238, 239, 240, 241, 242]
25	[13, 14, 15, 16, 17, 18, 19, 20, 21, 80, 81, 82, 83, 84]
26	[22, 23, 24, 25]
27	[]
28	[5, 6, 7, 8, 13, 14, 15, 16, 17]
29	[129, 130, 131, 132, 133, 175, 176, 177, 178, 179, 180, 197, 198, 199, 200]
30	[180, 181, 182, 183]
31	[57, 58, 59, 60, 61, 62, 63, 64]
32	[17, 18, 19, 20, 21, 22, 23, 24, 25, 26]
33	[8, 9, 10, 11, 12]
34	[28, 29, 30, 31, 32, 33, 34, 35]
35	[18, 19, 20, 21, 22, 23]
36	[12, 13, 14, 15, 16]
37	[20, 21, 22, 23, 24, 25, 26, 27, 54, 55, 56, 57, 58]
38	[]
39	[94, 95, 96, 97]
40	[12, 13, 14, 15]
41	[157, 158, 159, 160, 216, 217, 218, 219, 220, 221, 222, 223]
42	[42, 43, 44, 45, 46, 49, 50, 51, 52, 53, 54]
43	[0, 1, 2, 3]
44	[14, 15, 16, 17, 18, 19, 20, 21, 27, 28, 29, 30, 31]
45	[118, 119, 120, 121, 122]
46	[41, 42, 43, 44, 45]
47	[47, 48, 49, 50, 51, 52, 53, 54]
48	[]
49	[18, 19, 20, 21, 306, 307, 308, 309, 311, 312, 313, 644, 645, 646, 647, 648, 649, 650, 651, 652, 653]
50	[5, 6, 7, 8, 9, 10, 11]
51	[7, 8, 9, 10]
52	[14, 15, 16, 17, 18]
53	[81, 82, 83, 84, 85]
54	[44, 45, 46, 47, 48]
55	[36, 37, 38, 39, 40, 41, 42, 43, 44, 45]
56	[34, 35, 36, 37, 661, 662, 663, 664]
57	[60, 61, 62, 63, 64, 65, 66, 67, 68, 69, 70]
58	[218, 219, 220, 221, 222, 223, 224]
59	[21, 22, 23, 24, 25, 26]
60	[187, 188, 189, 190, 191]
61	[30, 31, 32, 33, 34, 35, 36, 37, 84, 85, 86, 178, 179, 180, 181, 182, 183, 184, 360, 361, 362, 363, 364, 365, 366, 367, 368]
62	[66, 67, 68, 69]
63	[93, 94, 95]
64	[0, 1, 2, 3, 4]
65	[36, 37, 38, 39, 40, 41]
66	[35, 36, 37, 38, 39]
67	[75, 76, 77, 78, 79, 80, 81]
68	[21, 22, 23, 24, 25]
69	[35, 36, 37, 38, 39, 40, 41, 42, 43, 44]
70	[187, 188, 189, 190, 191, 192, 193, 194, 195, 196, 197, 213, 214, 215]
71	[764, 765, 766, 767, 768, 769, 772, 773, 774, 775, 781, 782, 783, 784, 785, 786]
72	[55, 56, 57, 58, 59, 60]
73	[50, 51, 52, 83, 84, 85, 86]
74	[7, 8, 9, 10, 11, 12]
75	[240, 241, 242, 243, 244, 245, 280, 281, 282]
76	[92, 93, 94, 95]
77	[77, 78, 79, 80]
78	[14, 15, 16, 17, 18, 19, 102, 103, 104, 105, 106, 107]
79	[21, 22, 23, 24, 25, 26, 27, 28, 175, 176, 177, 178, 179, 180, 181]
80	[34, 35, 36, 37]
81	[]
82	[5, 6, 7, 8, 9, 10]
83	[28, 29, 30, 31, 32, 33, 39, 40, 41, 42, 43, 44, 45]
84	[114, 115, 116, 117, 118, 119]
85	[101, 102, 103, 104, 105, 106, 107, 108, 110, 111, 112, 113, 114, 134, 135, 136, 137, 138, 139, 140, 141, 142]
86	[14, 44, 45, 46, 47, 48, 49, 50, 51, 52, 53, 54, 300, 301, 302, 303, 304]
87	[0, 1, 2, 3, 4, 5, 6]
88	[11, 12, 13, 14, 15, 23, 24, 25, 26, 27, 45, 46, 47]
89	[28, 29, 30, 31, 32, 33]
90	[11, 12, 13, 14, 15]
91	[20, 21, 22, 23, 24, 25]
92	[34, 35, 36, 37, 38, 39]
93	[104, 105, 106, 107, 108, 109]
94	[316, 317, 318, 319, 320]
95	[14, 15, 16, 17, 18]
96	[336, 337, 338, 339, 340, 341]
97	[17, 18, 19, 20, 45, 46, 47, 48, 49, 50]
98	[15, 16, 17, 18, 19, 38, 39, 40, 41, 103, 104, 105, 106, 107, 108]
99	[0, 1, 2, 3]
100	[0, 1, 2, 3, 4, 5]
101	[12, 13, 14, 15, 16, 17, 18, 19, 20, 21]
102	[0, 1, 2, 3, 4, 5]
103	[89, 90, 91, 92]
104	[]
105	[0, 1, 2, 3, 4, 5, 6, 7, 22, 23, 24, 25, 26, 27, 28]
106	[107, 108, 109, 110, 111, 112, 113]
107	[177, 178, 179, 209, 210, 211, 212, 391, 392, 393, 394, 395]
108	[32, 33, 34, 35, 36, 37, 38]
109	[53, 54, 55, 56, 57, 58]
110	[]
111	[95, 96, 97, 98, 99, 100, 101, 102]
112	[0, 1, 2, 3, 4, 5]
113	[33, 34, 35, 36]
114	[0, 1, 2, 3]
115	[]
116	[91, 92, 93, 94, 95, 96, 97, 98, 99, 326, 327, 328, 329]
117	[97, 98, 99, 100, 101, 102]
118	[76, 77, 78, 79, 80, 81]
119	[19, 20, 21, 22, 23, 24, 25, 26, 77, 78, 79, 80, 81]
120	[13, 14, 15, 16, 17]
121	[24, 25, 26, 27, 28, 29, 30]
122	[37, 38, 39, 40, 41, 42, 58, 59, 60, 370, 371, 372, 373, 374, 375]
123	[233, 234, 235, 236]
124	[114, 115, 116, 117, 118, 119]
125	[25, 26, 27, 28]
126	[19, 20, 21, 22, 23, 24, 25]
127	[18, 19, 20, 21, 54, 55, 56]
128	[7, 8, 9, 10, 11, 12, 13, 14]
129	[]
130	[21, 22, 23, 24]
131	[0, 1, 2, 3, 5, 6, 7, 8, 9]
132	[15, 16, 17, 18, 19]
133	[10, 11, 12, 13, 37, 38, 39, 40, 81, 82, 83, 84, 85, 108, 109, 110, 111, 112, 113]
134	[12, 13, 14, 15, 16, 17, 18, 19, 20]
135	[71, 72, 73, 74, 75, 76, 77]
136	[166, 167, 168, 169, 170, 171, 344, 345, 346, 347, 348, 473, 474, 475, 476, 477, 478, 479]
137	[20, 21, 22, 23, 24, 25, 26, 27, 28]
138	[115, 116, 117, 118, 119, 120]
139	[73, 74, 75, 76, 112, 113, 114, 217, 218, 219, 220, 221, 222]
140	[17, 18, 19, 20, 21, 47, 48, 49, 50, 51]
141	[105, 106, 107, 108, 109, 110]
142	[48, 49, 50, 51, 52, 53]
143	[423, 424, 425, 470, 471, 472, 473, 474, 475, 476, 477]
144	[21, 22, 23, 24, 68, 69, 70]
145	[23, 24, 25, 26, 27, 67, 68, 69, 70]
146	[520, 521, 522, 523, 524, 525, 526, 528, 529, 530, 531]
147	[142, 143, 144, 145, 146, 147]
148	[66, 67, 68, 69, 70, 71]
149	[]
150	[40, 41, 42, 43]
151	[0, 1, 2, 3, 4]
152	[7, 8, 9, 10, 11, 12, 13, 14, 15, 16]
153	[0, 1, 2, 3, 4, 5]
154	[208, 209, 210, 211, 212, 213]
155	[27, 28, 29, 30, 31]
156	[70, 71, 72, 73, 74, 75]
157	[17, 18, 19, 20, 21, 22, 23, 24, 25, 26]
158	[38, 39, 40, 41, 42, 43]
159	[10, 11, 12, 13, 14]
160	[39, 40, 41, 42, 148, 149, 150, 151, 152, 153, 154, 155, 156, 157, 193, 194, 195, 413, 414, 415, 416, 417]
161	[121, 122, 123, 124, 125, 126, 127, 128, 130, 131, 132, 133]
162	[198, 199, 200, 201, 202, 203]
163	[22, 23, 24, 25, 26, 27]
164	[38, 39, 40, 41, 42, 43, 44, 45, 46]
165	[26, 27, 28, 29, 30, 31]
166	[20, 21, 22, 23, 24, 25]
167	[28, 29, 30, 31]
168	[22, 23, 24, 25, 26, 27]
169	[0, 1, 2, 3, 4]
170	[7, 8, 9, 10, 11, 12]
171	[81, 82, 83, 84]
172	[24, 25, 26, 27, 28, 29]
173	[48, 49, 50, 51, 52, 53]
174	[186, 187, 188, 189, 190, 191, 192, 193, 194, 270, 271, 272, 273, 274, 275, 276, 277, 278, 307, 308, 309, 310, 311, 312]
175	[19, 20, 21, 22, 23]
176	[79, 80, 81, 82, 83, 84, 126, 127, 128]
177	[8, 9, 10, 11, 12]
178	[39, 40, 41, 42, 43, 44, 123, 124, 125, 126, 127, 128]
179	[5, 6, 7, 8, 9, 10]
180	[64, 65, 66, 67]
181	[24, 25, 26, 27, 28, 29]
182	[14, 15, 16, 17]
183	[38, 39, 40, 41, 42, 43, 133, 134, 135, 136]
184	[]
185	[8, 9, 10, 11, 12, 13]
186	[301, 302, 303, 304, 305, 306, 307, 398, 399, 400, 401, 402]
187	[]
188	[18, 19, 20, 21, 22, 23, 24, 278, 279, 280, 281, 282, 283, 284, 285]
189	[29, 30, 31, 32, 33, 34, 35, 36]
190	[17, 18, 19, 20, 21, 87, 88, 89, 90]
191	[20, 21, 22, 23, 24, 81, 82, 83]
192	[80, 81, 82, 83]
193	[197, 198, 199, 200, 201, 202, 203, 204, 205]
194	[8, 9, 10, 11, 12, 13, 14, 15, 16, 407, 408, 409, 410, 411, 412, 413, 414, 415]
195	[25, 26, 27, 28, 29, 30]
196	[0, 1, 2, 3, 4]
197	[9, 10, 11, 12]
198	[98, 99, 100, 101, 102, 103]
199	[54, 55, 56, 57, 58, 59, 268, 269, 270, 271, 272, 273, 274]
200	[49, 50, 51, 52, 53]
201	[]
202	[]
203	[51, 52, 53, 192, 193, 194, 195, 196, 197, 198]
204	[100, 101, 102, 103, 104, 105, 106, 107, 108]
205	[]
206	[83, 84, 85, 86, 87, 88, 89, 90, 91]
207	[25, 26, 27, 28, 29, 30]
208	[183, 184, 185, 186, 187, 188, 189]
209	[62, 63, 64, 505, 506, 507, 508, 509, 510, 511, 512, 513, 514, 515, 516]
210	[67, 68, 69, 70, 71, 72, 73, 74, 75]
211	[12, 13, 14, 15, 39, 40, 41, 42, 43]
212	[10, 11, 12, 13, 14, 15]
213	[18, 19, 20, 21, 22, 23]
214	[126, 127, 128, 129, 130]
215	[41, 42, 43, 44, 45, 46]
216	[83, 84, 85, 86, 87, 88, 89]
217	[87, 88, 89, 90, 91, 92]
218	[0, 1, 2, 3]
219	[25, 26, 27, 28]
220	[536, 537, 538, 539, 540, 541]
221	[330, 331, 332, 333]
222	[]
223	[0, 1, 2, 3, 4, 5]
224	[6, 7, 8, 9]
225	[155, 156, 157, 158]
226	[217, 218, 219, 220, 221, 222, 278, 279, 280, 281, 282, 519, 520, 521, 522, 523, 524, 525]
227	[25, 26, 27, 28]
228	[9, 10, 11, 12, 13, 14]
229	[121, 122, 123, 124, 125]
230	[21, 22, 23, 24, 25, 26, 53, 54, 55, 56, 57, 58]
231	[]
232	[8, 9, 10, 11, 12]
233	[48, 49, 50, 51, 52, 53, 148, 149, 150, 226, 227, 228, 229, 230, 231, 232]
234	[14, 15, 16, 17, 18, 19, 20]
235	[37, 38, 39, 40, 41]
236	[107, 108, 109, 110]
237	[27, 28, 29, 30, 31, 32, 33, 34]
238	[21, 22, 23, 24, 25, 26, 27, 28, 53, 54, 55, 56, 57, 58, 85, 86, 87, 88, 89, 90, 91, 92, 93, 94]
239	[248, 249, 250, 251, 252, 253, 254, 255]
240	[0, 1, 2, 3]
241	[49, 50, 51, 52, 53, 54, 98, 99, 100, 101, 102]
242	[20, 21, 22, 23, 24, 25, 27, 28, 29, 30, 31, 32, 33]
243	[12, 13, 14, 15, 16, 17, 18, 19, 20]
244	[]
245	[79, 80, 81, 82, 83, 84]
246	[82, 83, 84, 85, 86, 87]
247	[157, 158, 159, 160, 161, 162, 163, 164, 165, 166]
248	[13, 14, 15, 163, 164, 165, 166, 167, 168, 169, 170, 171, 172]
249	[83, 84, 85, 86, 87, 398, 399, 400, 401, 402, 403, 440, 441, 442, 443, 444, 445]
250	[5, 6, 7, 8, 9, 10, 11, 138, 139, 140, 141, 144, 145, 146, 147]
251	[]
252	[44, 45, 46, 47, 48, 154, 155, 156, 157, 158, 159, 160, 161, 162, 167, 168, 169, 170, 171]
253	[0, 1, 2, 3, 4, 5, 49, 50, 51, 52, 53, 54, 57, 58, 59]
254	[80, 81, 82, 83, 142, 143, 144, 145, 146]
255	[189, 190, 191, 192, 253, 254, 255, 256, 257, 258]
256	[101, 102, 103, 104, 511, 512, 513, 514, 515, 608, 609, 610, 611, 612]
257	[147, 148, 149, 150, 151, 152, 153, 154]
258	[14, 15, 16, 17]
259	[5, 6, 7, 8, 9, 10, 11, 12, 13]
260	[218, 219, 220, 221, 233, 234, 235, 236, 237, 238]
261	[]
262	[36, 37, 38, 273, 274, 275, 276, 277, 278, 279, 280, 281, 282, 395, 396, 397, 398, 399, 400, 474, 475, 476, 477, 478, 479]
263	[144, 145, 146, 147, 148]
264	[18, 19, 20, 21, 22, 23, 92, 93, 94, 95, 96, 97, 98, 99, 100, 101, 102]
265	[18, 19, 20, 21, 22, 43, 44, 45, 46]
266	[15, 16, 17, 18, 19]
267	[14, 15, 16, 17, 18, 19, 20, 21, 72, 73, 74, 75, 76, 77, 78, 119, 120, 121, 122, 123]
268	[27, 28, 29, 30, 31]
269	[50, 51, 52, 53, 78, 79, 80, 81, 259, 260, 261, 262]
270	[51, 52, 53, 54, 55, 56]
271	[6, 7, 8, 9, 10, 11, 132, 133, 134, 135, 136, 137, 138, 139, 531, 532, 533, 534, 631, 632, 633, 634, 635, 636]
272	[22, 23, 24, 25, 29, 30, 31, 32, 55, 56, 57, 58, 59, 60]
273	[10, 11, 12, 13, 14, 15, 16, 26, 27, 28, 29]
274	[77, 78, 79, 80, 81, 82, 960, 961, 962, 963, 964, 965]
275	[73, 74, 75, 76, 77, 78, 79, 80, 81]
276	[193, 194, 195, 196, 198, 199, 200, 248, 249, 250, 350, 351, 352, 353, 354]
277	[]
278	[0, 1, 2, 3, 4, 57, 58, 59, 60]
279	[24, 25, 26, 27, 28, 57, 58, 59, 60, 61]
280	[]
281	[95, 96, 97, 98, 99, 100]
282	[234, 235, 236, 496, 497, 498, 499, 500, 501]
283	[]
284	[0, 1, 2, 3, 122, 123, 124]
285	[]
286	[19, 20, 21, 22, 23, 24, 25, 26, 28, 29, 30, 31, 32, 33, 34, 35, 36, 255, 256, 257, 258, 259, 260, 343, 344, 345, 346, 382, 383, 384, 385, 386, 622, 671, 672, 673]
287	[94, 95, 96, 97, 98]
288	[146, 147, 148, 149, 150, 151, 152, 153, 154, 155, 156, 192, 193, 194, 195, 196, 197, 198]
289	[76, 77, 78, 79, 80, 199, 200, 201, 202, 203, 204, 206, 207, 208, 209, 210, 211]
290	[295, 296, 297]
291	[111, 112, 113, 114, 115, 116, 117, 296, 297, 298, 299, 300, 301]
292	[4, 5, 6, 7, 8, 9]
293	[6, 7, 8, 9, 10, 118, 119, 120, 121, 122, 123]
294	[9, 10, 11, 12, 13, 14, 271, 272, 273, 274, 275, 276, 277]
295	[190, 191, 192, 193, 194, 195]
296	[58, 59, 60, 61, 62, 202, 203, 204, 205, 206, 207, 208]
297	[19, 20, 21, 22, 23, 24, 49, 50, 51, 52]
298	[13, 14, 15, 16, 17, 18]
299	[14, 15, 16, 17, 18, 19, 20]
300	[63, 64, 65, 182, 183, 184, 185, 186, 187, 188, 189, 190, 191, 192, 318, 319, 320, 321, 322, 323, 373, 374, 375, 376, 377, 378, 379, 380, 381]
301	[287, 288, 289, 290, 291, 292]
302	[147, 148, 149, 374, 375, 376, 377, 378, 379, 380, 381, 387, 388, 389, 390, 391, 392, 393, 394, 395, 396, 436, 437, 438, 439]
303	[20, 21, 22, 23, 24]
304	[52, 53, 54, 55, 431, 432, 433, 434, 435]
305	[28, 29, 30, 31, 32]
306	[]
307	[10, 11, 12, 13, 14, 15]
308	[232, 233, 234, 235]
309	[27, 28, 29, 30, 31, 32]
310	[18, 19, 20, 21, 22, 23, 68, 69, 70, 71, 72, 73, 74, 75, 76]
311	[194, 195, 196, 197, 215, 216, 217, 218, 219, 220]
312	[23, 24, 25, 26, 27, 28, 49, 50, 51, 52, 53, 54]
313	[42, 43, 44, 45, 46, 47]
314	[49, 50, 51, 52, 53, 54, 55, 56, 57, 58]
315	[94, 95, 96, 97]
316	[]
317	[54, 55, 56, 57, 58, 59]
318	[5, 6, 7, 8, 115, 116, 117]
319	[8, 9, 10, 11, 12, 13]
320	[5, 6, 7, 8, 9, 10, 11, 12, 13]
321	[21, 22, 23, 24, 25, 26]
322	[183, 184, 185, 186, 187, 188]
323	[169, 170, 171, 172, 173, 174]
324	[0, 1, 2, 3, 28, 29, 30]
325	[31, 32, 33, 34, 35, 36]
326	[12, 13, 14, 15, 16, 17, 281, 282, 283, 284, 290, 291, 292, 293, 294]
327	[11, 12, 13, 14, 15]
328	[15, 16, 17, 18]
329	[55, 56, 57, 58]
330	[35, 36, 37, 38]
331	[47, 48, 49, 50, 51]
332	[21, 22, 23, 24, 25, 26, 27, 28, 29, 30, 104, 105, 106]
333	[116, 117, 118, 119, 120, 121, 122, 123, 124]
334	[36, 37, 38, 39, 40, 57, 58, 59, 60, 61, 62]
335	[9, 10, 11, 12]
336	[8, 9, 10, 11, 12, 13, 14, 15]
337	[26, 27, 28, 29]
338	[0, 1, 2, 3]
339	[13, 14, 15, 16, 17, 18, 19, 20, 34, 35, 36, 37]
340	[202, 203, 204, 205, 206, 207]
341	[]
342	[48, 49, 50, 51, 52]
343	[52, 53, 54, 55, 56, 57]
344	[4, 5, 6, 7, 8, 9]
345	[80, 81, 82, 83, 84, 85]
346	[69, 70, 71, 72, 73, 74]
347	[4, 5, 6, 7, 8, 9, 10, 21, 22, 23, 24]
348	[17, 18, 19, 20, 21, 142, 143, 144, 456, 457, 458, 459, 707, 708, 709, 710, 711, 712, 713, 714, 715, 716]
349	[4, 5, 6, 7, 8, 9]
350	[30, 31, 32, 33]
351	[214, 215, 216]
352	[10, 11, 12, 13, 14]
353	[30, 31, 32, 33, 34, 35, 69, 70, 71, 72, 73, 74, 75]
354	[55, 56, 57, 58]
355	[92, 93, 94, 95, 96, 124, 125, 126, 127]
356	[18, 19, 20, 21, 22]
357	[20, 21, 22, 23, 24, 25]
358	[]
359	[87, 88, 89, 90]
360	[176, 177, 178, 179, 180, 181, 182, 183, 188, 189, 190, 191, 192]
361	[4, 5, 6, 7, 8, 9, 10, 12, 13, 14, 15, 16]
362	[145, 146, 147, 148, 149, 150, 203, 204, 205, 206, 207]
363	[228, 229, 230, 311, 312, 313, 314, 315, 316, 317, 318, 319, 320]
364	[30, 31, 32, 33]
365	[8, 9, 10, 11, 12, 31, 32, 33, 34, 35]
366	[52, 53, 54, 55, 56, 57, 58, 81, 82, 83, 84, 85]
367	[77, 78, 79, 80, 81, 82, 83, 84]
368	[156, 157, 158, 159, 160, 161]
369	[9, 10, 11, 12, 13, 14, 71, 72, 73, 74, 75, 76, 77, 78]
370	[10, 11, 12, 13, 14, 15]
371	[71, 72, 73, 74, 75, 76, 78, 79, 80, 81, 82]
372	[131, 132, 133, 134, 135, 136, 137, 138, 139, 236, 237, 238]
373	[30, 31, 32, 33, 34]
374	[76, 77, 78, 79, 80]
375	[13, 14, 15, 16, 17, 18]
376	[4, 5, 6, 7, 8, 9, 10, 11, 12, 13, 49, 50, 51, 52, 53]
377	[20, 21, 22]
378	[121, 122, 123, 124, 125, 127, 128, 129, 130, 131, 132, 133, 134, 135]
379	[4, 5, 6, 7, 8, 9, 10, 11, 140, 141, 142, 143, 144, 145, 179, 180, 181, 182, 183, 184, 185]
380	[155, 156, 157, 158, 159]
381	[127, 128, 129, 130, 131]
382	[66, 67, 68, 69, 70]
383	[45, 46, 47, 48, 49, 50]
384	[68, 69, 70, 71, 72, 73]
385	[69, 70, 71, 72, 73]
386	[0, 1, 2, 3, 4, 5]
387	[94, 95, 96, 97, 98, 99]
388	[16, 17, 18, 19, 20]
389	[37, 38, 39, 40, 41, 42, 43, 44, 45]
390	[19, 20, 21, 22, 23, 24]
391	[26, 27, 28, 29, 301, 302, 303, 304, 305, 306, 307, 308]
392	[8, 9, 10, 11, 12, 86, 87, 88, 89, 90, 91]
393	[35, 36, 37, 38, 75, 76, 77, 203, 204, 205, 206, 207, 208, 209, 210, 237, 238, 239, 240, 241, 242, 274, 275, 276, 277, 278, 279, 297, 298, 299, 300, 301, 302, 303, 304, 306, 307, 308, 309, 400, 401, 402, 403, 404, 405, 406, 407, 408]
394	[50, 51, 52]
395	[]
396	[6, 7, 8, 9, 10, 11]
397	[27, 28, 29, 30]
398	[54, 55, 56, 57]
399	[100, 101, 102, 103, 104, 105, 170, 171, 172, 173, 174, 175, 176, 177, 178, 516, 517, 518, 617, 618, 619, 620, 621, 622, 623, 624]
400	[261, 262, 263, 264, 265, 266]
401	[33, 34, 35, 36, 37, 38]
402	[166, 167, 168, 169]
403	[118, 119, 120, 121, 122, 123]
404	[21, 22, 23, 24, 25, 26, 255, 256, 257, 258, 259, 260, 261, 262, 263, 264]
405	[57, 58, 59, 60, 61, 62, 136, 137, 138, 139, 140, 141, 142, 143]
406	[81, 82, 83, 84, 185, 186, 187, 188, 189, 190, 191]
407	[34, 35, 36, 37, 38]
408	[23, 24, 25, 26, 27]
409	[65, 66, 67, 68, 69, 80, 81, 82, 83, 84, 85]
410	[55, 56, 57, 58, 59, 60, 61, 62]
411	[197, 198, 199, 200]
412	[14, 15, 16, 17, 18, 19, 20, 21, 22, 23, 24, 25, 27, 28, 29, 30, 64, 65, 66, 67, 68, 69, 70, 139, 140, 141, 142, 143, 144]
413	[55, 56, 57, 58, 59, 60]
414	[37, 38, 39, 40, 41, 42, 43, 44, 45]
415	[0, 1, 2, 3, 4, 5, 6, 8, 9, 10, 11, 12, 64, 65, 66, 67]
416	[26, 27, 28, 29, 30, 31, 82, 83, 84, 85, 86, 87, 88, 89, 90, 343, 344, 345, 346, 347, 348, 349, 350]
417	[23, 24, 25, 26, 27]
418	[]
419	[]
420	[]
421	[38, 39, 40, 41, 42, 43, 44, 45]
422	[24, 25, 26, 27, 28, 29, 30]
423	[7, 8, 9, 10, 11, 12, 13, 28, 29, 30, 31, 32, 148, 149, 150]
424	[64, 65, 66, 67, 68, 69, 70, 120, 121, 122, 123, 124, 125]
425	[]
426	[141, 142, 143, 144, 145, 146]
427	[17, 18, 19, 20]
428	[11, 12, 13, 14, 15, 16, 17, 64, 65, 66, 67, 68, 69]
429	[]
430	[7, 8, 9, 10, 11, 12, 13, 14, 61, 62, 63, 64]
431	[7, 8, 9, 10, 11]
432	[15, 16, 17, 18, 19, 20]
433	[131, 132, 133, 134, 135]
434	[23, 24, 25, 26, 27, 28, 29, 30, 31, 32]
435	[7, 8, 9, 10, 11, 12]
436	[38, 39, 40, 41, 42, 43, 144, 145, 146, 147, 148, 149, 150]
437	[8, 9, 10, 11, 12, 13]
438	[13, 14, 15, 16, 58, 59, 60, 61, 62, 149, 150, 151]
439	[311, 312, 313, 314]
440	[159, 160, 161, 162, 163]
441	[27, 28, 29, 30, 31]
442	[78, 79, 80, 81, 82, 83, 126, 127, 128, 129, 130, 131, 132, 133, 134, 135]
443	[74, 75, 76, 250, 251, 252, 253, 254, 451, 452, 453, 454, 455]
444	[12, 13, 14, 15, 16]
445	[6, 7, 8, 9, 10, 11]
446	[18, 19, 20, 21]
447	[117, 118, 119, 120, 121, 122]
448	[158, 159, 160, 161, 162, 163, 164]
449	[41, 42, 43]
450	[11, 12, 13, 283, 284, 285, 286, 287, 288, 289, 290, 291, 292]
451	[342, 343, 344, 345, 346, 347, 348, 349, 350, 351, 352, 353]
452	[72, 73, 74, 75, 76, 77]
453	[78, 79, 80, 81]
454	[59, 60, 61, 62, 63]
455	[134, 135, 136, 137, 138, 139, 142, 143, 144, 145, 146, 147, 148, 149]
456	[74, 75, 76, 77, 78, 79, 95, 96, 97, 98, 99, 100]
457	[33, 34, 35, 36, 37]
458	[261, 262, 263, 264, 265, 266, 267, 268, 360, 361, 362, 363, 364, 365, 366, 367]
459	[68, 69, 70, 71, 72]
460	[39, 40, 41, 42, 43, 93, 94, 95, 96]
461	[19, 20, 21, 22, 61, 62, 63, 64, 65, 66, 173, 174, 175, 176, 177, 178, 179, 180]
462	[131, 132, 133, 134, 135, 136, 137, 138]
463	[]
464	[23, 24, 25, 26, 27, 28]
465	[]
466	[49, 50, 51, 52, 53]
467	[]
468	[232, 233, 234, 332, 333, 334, 335, 336, 337, 338, 397, 398, 399, 400, 401, 402, 403, 404, 830, 831, 832, 833, 834, 835, 836, 837, 838, 839, 840, 841, 843, 844, 845, 846, 847, 848, 849, 850]
469	[37, 38, 39, 40, 41, 42]
470	[37, 38, 39, 40, 41, 42, 43, 44, 45]
471	[9, 10, 11, 12, 13, 29, 30, 31, 32, 33, 34, 35, 36]
472	[31, 32, 33, 34, 35]
473	[262, 263, 264, 265, 266, 267, 268, 328, 329, 330]
474	[64, 65, 66, 67, 68, 69]
475	[62, 63, 64, 65, 66, 67, 75, 76, 77, 78, 79, 80, 81, 82, 83, 290, 291, 292]
476	[]
477	[58, 59, 60, 61, 62, 63, 64, 65]
478	[93, 94, 95, 96, 97, 98, 124, 125, 126, 127, 150, 151, 152]
479	[5, 6, 7, 8]
480	[23, 24, 25, 26, 27]
481	[6, 7, 8, 9, 10, 86, 87, 88, 89, 90, 91]
482	[]
483	[]
484	[24, 25, 26, 27, 28, 189, 190, 191, 192, 193, 211, 212, 213]
485	[14, 15, 16, 17, 18, 19, 20, 21]
486	[32, 33, 34, 35, 36, 37]
487	[35, 36, 37, 38, 39, 59, 60, 61, 62, 72, 73, 74, 75]
488	[54, 55, 56, 57]
489	[77, 78, 79, 80, 81, 82, 84, 85, 86, 87]
490	[162, 163, 164, 165, 166, 167]
491	[15, 16, 17, 18, 19, 97, 98, 99, 100]
492	[24, 25, 26, 27, 28]
493	[0, 1, 2, 3, 4, 5, 6, 7, 8, 9, 85, 86, 87, 88, 89, 90, 114, 115, 116, 117, 118, 119]
494	[]
495	[12, 13, 14, 15, 16, 17, 18, 19, 20, 21, 22, 23, 221, 222, 223]
496	[4, 5, 6, 7, 8, 137, 138, 139, 140, 146, 147, 148, 149, 150, 151, 152, 153, 154, 155]
497	[17, 18, 19, 20]
498	[57, 58, 59, 239, 240, 241, 242]
499	[0, 1, 2, 3, 4, 5]
500	[35, 36, 37, 38, 39]
501	[21, 22, 23, 24]
502	[47, 48, 49, 50, 51, 52, 115, 116, 117, 282, 283, 284, 285, 286, 287, 288, 289, 367, 368, 369, 370, 371, 372, 373, 374, 375]
503	[130, 131, 132, 133, 134, 135]
504	[30, 31, 32, 33, 34, 35, 41, 42, 43, 44, 45, 46, 47, 48]
505	[58, 59, 60, 61, 62]
506	[]
507	[218, 219, 220, 221, 222, 223]
508	[25, 26, 27, 28, 29]
509	[59, 60, 61]
510	[163, 164, 165, 166, 167, 168]
511	[36, 37, 38, 39, 40, 41, 42, 257, 258, 259, 307, 308, 309, 310, 311]
512	[179, 180, 181, 182, 183]
513	[]
514	[15, 16, 17, 18]
515	[62, 63, 64, 457, 458, 459, 460, 461, 462]
516	[90, 91, 92, 93, 94, 95]
517	[14, 15, 16, 17, 19, 20, 21]
518	[42, 43, 44, 45, 46, 47, 48, 49, 50]
519	[45, 46, 47, 48, 49, 50, 51, 52, 82, 83, 84, 85, 86, 87, 88, 89, 90]
520	[22, 23, 24, 25, 26, 55, 56, 57, 58, 103, 104, 105, 106, 107, 108, 122, 123, 124, 125, 126, 127, 128, 246, 247, 248, 249, 250, 251, 252, 253]
521	[19, 20, 21, 22, 23, 24]
522	[6, 7, 8, 9, 10, 11]
523	[13, 14, 15, 16, 17, 18, 63, 64, 65, 66]
524	[75, 76, 77, 78]
525	[102, 103, 104, 105, 106, 107, 108]
526	[21, 22, 23, 24, 25, 26, 27, 28]
527	[54, 55, 56, 57]
528	[44, 45, 46, 47, 48]
529	[51, 52, 53, 54, 55, 56, 57, 58]
530	[15, 16, 17, 18, 19, 37, 38, 39, 40, 41]
531	[15, 16, 17, 18, 19, 20]
532	[26, 27, 28, 29, 30, 31]
533	[16, 17, 18, 19, 20, 21]
534	[18, 19, 20, 21, 22]
535	[14, 15, 16, 17]
536	[39, 40, 41, 42, 43, 44]
537	[15, 16, 17, 18, 19, 20, 21, 22, 23, 24]
538	[61, 62, 63, 64, 65]
539	[8, 9, 10, 11, 12, 13, 14]
540	[]
541	[108, 109, 110, 111]
542	[368, 369, 370, 371, 390, 391, 392, 393, 394, 395, 433, 434, 435, 436, 437]
543	[25, 26, 27, 28, 29, 30]
544	[52, 53, 54, 55]
545	[20, 21, 22, 23, 24, 25, 26, 27, 230, 231, 232, 233, 234, 235, 236, 237, 238]
546	[]
547	[222, 223, 224, 225, 226]
548	[265, 266, 267, 268, 269, 270, 295, 296, 297, 298, 299, 300, 400, 401, 402, 403, 485, 486, 487, 488, 489, 490]
549	[125, 126, 127, 128, 129, 130]
550	[28, 29, 30, 31, 32, 33]
551	[135, 136, 137, 138, 139, 140, 157, 158, 159, 160, 161, 162]
552	[]
553	[0, 1, 2, 3]
554	[67, 68, 69, 70]
555	[]
556	[198, 199, 200, 985, 986, 987, 988]
557	[19, 20, 21, 22, 23, 24, 114, 115, 116, 117]
558	[9, 10, 11, 12, 13, 14, 15]
559	[12, 13, 14, 15, 16, 628, 629, 630, 631, 632]
560	[7, 8, 9, 10, 11, 12]
561	[206, 207, 208, 209, 210, 211]
562	[95, 96, 97, 98, 99, 100]
563	[14, 15, 16, 17, 18]
564	[]
565	[9, 10, 11, 12, 13, 14, 209, 210, 211, 212]
566	[12, 13, 14, 15]
567	[11, 12, 13, 14, 15]
568	[0, 1, 2, 3]
569	[111, 112, 113, 114, 115, 116, 117, 118, 119, 120]
570	[7, 8, 9, 10]
571	[29, 30, 31, 32, 33, 34, 35, 36]
572	[11, 12, 13, 14, 15]
573	[116, 117, 118, 119, 120, 121]
574	[0, 1, 2, 3, 106, 107, 108]
575	[4, 5, 6, 7, 8, 9, 39, 40, 41, 42, 43, 44, 45, 46]
576	[13, 14, 15, 16]
577	[31, 32, 33, 34, 35]
578	[118, 119, 120, 121, 122, 123]
579	[35, 36, 37, 38, 39, 40, 41, 42, 111, 112, 113, 114, 115, 116, 117]
580	[7, 8, 9, 10, 11, 12, 13, 14, 15]
581	[0, 1, 2, 3, 4, 5, 6, 7, 8, 9, 140, 141, 142, 143, 144, 145]
582	[151, 152, 153, 154]
583	[110, 111, 112, 113]
584	[0, 1, 2, 3, 4, 5, 6]
585	[44, 45, 46, 47, 48, 49]
586	[6, 7, 8, 9, 10, 11, 12, 13, 40, 41, 42, 43]
587	[175, 176, 177, 178]
588	[277, 278, 279, 280, 281, 282]
589	[85, 86, 87, 88, 89, 90, 91, 92, 93]
590	[20, 21, 22, 23, 24, 25, 40, 41, 42, 43, 44, 45, 46, 47, 48, 49, 50]
591	[60, 61, 62, 63, 64, 65]
592	[177, 178, 179, 180, 181, 182]
593	[11, 12, 13, 14, 15, 16, 17, 18, 30, 31, 32, 33, 34, 39, 40, 41, 42, 43, 44]
594	[4, 5, 6, 7]
595	[2, 3, 4, 102, 103, 104, 105, 106, 107, 108, 109, 110]
596	[32, 33, 34, 35]
597	[40, 41, 42, 43]
598	[186, 187, 188, 189, 190, 191, 381, 382, 383, 384]
599	[116, 117, 118, 119, 120, 121, 177, 178, 179, 180, 181, 182, 183, 206, 207, 208, 209, 210, 211, 212, 213, 214, 215]
600	[22, 23, 24, 37, 38, 39, 40, 41, 64, 65, 66, 67, 68, 69, 70, 71, 72, 99, 100, 101, 102, 103]
601	[299, 300, 301, 302]
602	[13, 14, 15, 16, 17, 18, 19]
603	[22, 23, 24, 25, 26]
604	[0, 1, 2, 3, 4, 5, 6, 7, 53, 54, 55, 56, 57, 69, 70, 71, 72, 73, 74, 75, 76, 77, 78]
605	[18, 19, 20, 21, 22]
606	[55, 56, 57, 58, 59, 60]
607	[20, 21, 22, 23, 24, 25, 26, 27, 28]
608	[13, 14, 15, 16, 17, 18]
609	[7, 8, 9, 10, 11]
610	[35, 36, 37, 38, 39, 40, 157, 158, 159, 168, 169, 170, 171, 172, 173, 174, 175, 228, 229, 230, 231, 232, 237, 238, 239, 240, 241, 242]
611	[16, 17, 18, 19, 20, 46, 47, 48, 49, 50, 274, 275, 276, 277, 278, 279, 280, 281, 435, 436, 437, 438, 439, 476, 477, 478, 479]
612	[21, 22, 23, 53, 54, 55, 56]
613	[28, 29, 30, 31, 32, 37, 38, 39, 40, 41, 42, 43, 44, 57, 58, 59, 60, 61]
614	[24, 25, 26, 27, 28, 29, 127, 128, 129]
615	[18, 19, 20, 21, 22]
616	[362, 363, 364, 365, 366, 367]
617	[18, 19, 20, 21, 22]
618	[19, 20, 21, 22, 23, 24, 25, 26, 27, 28, 267, 268, 269, 270, 271, 272, 273, 836, 837, 838]
619	[45, 46, 47, 48, 49, 50, 66, 67, 68, 69, 70, 71, 72, 73]
620	[116, 117, 118, 119, 120, 183, 184, 185, 186, 187]
621	[7, 8, 9, 10, 11, 12, 17, 18, 19, 20, 21, 101, 102, 103]
622	[]
623	[701, 702, 703, 704, 705]
624	[9, 10, 11, 12, 13, 14]
625	[8, 9, 10, 51, 52, 53, 54, 55, 56, 122, 123, 124, 125, 126, 127, 128, 169, 170, 171, 172, 173]
626	[101, 102, 103, 104, 105, 106, 127, 128, 129, 130, 131]
627	[45, 46, 47]
628	[4, 5, 6, 7]
629	[166, 167, 168, 169, 170, 171, 172, 173, 174, 175, 196, 197, 198, 199, 200]
630	[167, 168, 169, 170, 171, 172, 173]
631	[65, 66, 67, 68, 69]
632	[15, 16, 17, 18, 19, 20, 21, 22, 28, 29, 30, 31, 32]
633	[19, 20, 21, 22, 23, 24]
634	[27, 28, 29, 30]
635	[16, 17, 18, 19, 104, 105, 106, 107, 108]
636	[96, 97, 98, 99, 100, 101, 102, 103]
637	[82, 83, 84, 85, 86, 87, 88, 101, 102, 103]
638	[16, 17, 18, 19, 20, 21]
639	[3, 4, 5, 6, 7, 8, 9, 127, 128, 129, 130, 131]
640	[76, 77, 78, 79, 80, 81]
641	[9, 10, 11, 12, 13, 176, 177, 178, 179]
642	[]
643	[105, 106, 107, 108, 109, 110, 643, 644, 645, 646, 726, 727, 728, 729]
644	[291, 292, 293, 294, 295, 296, 449, 450, 451, 452, 453]
645	[]
646	[44, 45, 46, 47, 48]
647	[67, 68, 69, 70, 79, 80, 81, 82, 83, 84]
648	[107, 108, 109, 110, 111, 112, 113, 114]
649	[579, 580, 581, 582, 583, 584, 585]
650	[15, 16, 17, 18]
651	[39, 40, 41, 42, 43, 44, 45, 75, 76, 77, 78]
652	[16, 17, 18, 19, 20, 21]
653	[7, 8, 9]
654	[373, 374, 375, 376, 377, 378]
655	[7, 8, 9, 10, 11, 12, 13, 14, 15]
656	[13, 14, 15, 16, 17, 60, 61, 62, 63, 64]
657	[22, 23, 24, 25, 26]
658	[19, 20, 21, 22, 23, 24, 25]
659	[43, 44, 45, 46, 47, 48]
660	[97, 98, 99, 100]
661	[0, 1, 2, 3, 4, 8, 9, 10, 11]
662	[35, 36, 37, 38, 39, 40, 41, 42, 43, 44]
663	[12, 13, 14, 15]
664	[19, 20, 21, 22, 23, 24, 25]
665	[49, 50, 51, 52, 53, 54, 61, 62, 63, 64, 95, 96, 97, 98, 99, 100, 101, 102, 249, 250, 251, 252]
666	[23, 24, 25, 26, 27, 28, 29, 30, 31, 32, 34, 35, 36, 37]
667	[21, 22, 23, 24, 38, 39, 40, 82, 83, 84]
668	[56, 57, 58, 59, 60, 61, 62]
669	[]
670	[]
671	[134, 135, 136, 137, 166, 167, 168, 169, 170, 191, 192, 193, 194]
672	[19, 20, 21, 22, 23]
673	[140, 141, 142, 143, 144, 145]
674	[33, 34, 35, 36, 37, 38, 39, 40, 41]
675	[319, 320, 321, 322, 323, 324]
676	[90, 91, 92, 335, 336, 337, 338, 339, 614, 615, 616, 617, 618, 619]
677	[13, 14, 15, 16, 17]
678	[15, 16, 17, 18]
679	[258, 259, 260, 261, 886, 887, 888, 889, 890, 891, 892]
680	[51, 52, 53, 54]
681	[99, 100, 101, 102, 103, 104, 105]
682	[60, 61, 62, 63, 64]
683	[20, 21, 22, 23]
684	[71, 72, 73, 74, 75, 76]
685	[136, 137, 138, 139, 140, 141, 142]
686	[16, 17, 18, 19, 20, 42, 43, 44, 45, 46, 47]
687	[24, 25, 26, 27, 28]
688	[58, 59, 60, 61]
689	[34, 35, 36, 37, 38, 39]
690	[28, 29, 30, 31, 32, 33]
691	[5, 6, 7, 8, 115, 116, 117, 118, 119, 120]
692	[21, 22, 23, 24, 25, 26, 48, 49, 50, 51, 52]
693	[8, 9, 10, 11, 12, 13, 14, 141, 142, 143, 144, 145, 146]
694	[23, 24, 25, 26, 27, 28, 29]
695	[65, 66, 67, 68, 69, 169, 170, 171, 172, 173, 174, 175, 264, 265, 266, 267, 268, 269, 270]
696	[15, 16, 17, 18, 19, 20, 21]
697	[22, 23, 24, 69, 70, 71, 193, 194, 195, 196, 197, 198, 219, 220, 221, 222, 223, 231, 232, 233, 234, 235]
698	[48, 49, 50, 51, 52]
699	[54, 55, 56, 57, 67, 68, 69, 70, 71]
700	[569, 570, 571, 572, 573, 574]
701	[103, 104, 105, 106, 107, 108, 109, 110, 111]
702	[34, 35, 36, 37, 38]
703	[145, 146, 147, 524, 525, 526, 527, 528, 529, 530]
704	[80, 81, 82]
705	[144, 145, 146, 147, 148, 149]
706	[147, 148, 149, 150, 151, 152, 211, 212, 213, 214, 215, 216, 217]
707	[40, 41, 42, 43, 44]
708	[149, 150, 151, 152, 153, 163, 164, 165, 166, 533, 534, 535, 536]
709	[19, 20, 21, 22, 23, 24, 122, 123, 124, 125, 126, 127, 128, 129]
710	[58, 59, 60, 61, 62, 63]
711	[211, 212, 213, 214, 215]
712	[327, 328, 329, 330, 331, 332]
713	[96, 97, 98, 99, 100, 101, 102, 192, 193, 194, 195, 196, 198, 199, 200, 201, 202, 203, 204, 205, 206, 409, 410, 411, 412, 413]
714	[314, 315, 316, 317, 318, 319, 320, 321, 411, 412, 413, 414, 415, 416]
715	[145, 146, 147, 148, 149, 150]
716	[0, 1, 2, 3, 4, 5]
717	[7, 8, 9, 10]
718	[25, 26, 27, 28, 29, 196, 197, 198, 199, 200]
719	[141, 142, 143, 144, 145, 146]
720	[110, 111, 112, 113, 114, 115, 116, 117, 118, 119, 136, 137, 138, 139, 140, 172, 173, 174, 175]
721	[72, 73, 74, 75, 76, 77, 78, 104, 105, 106]
722	[231, 232, 233, 234, 235, 236, 237, 238, 239]
723	[26, 27, 28, 29, 30, 31]
724	[14, 15, 16, 17, 18, 19, 20, 21, 22]
725	[96, 97, 98, 99, 100, 101]
726	[77, 78, 79, 80, 81, 82, 336, 337, 338]
727	[81, 82, 83, 84, 85, 86]
728	[]
729	[92, 93, 94, 95, 96]
730	[4, 5, 6, 7, 8, 9, 10, 11, 12]
731	[]
732	[15, 16, 17, 18, 19, 20, 35, 36, 37, 225, 226, 227, 228]
733	[68, 69, 70, 71, 72, 73]
734	[33, 34, 35, 36, 37, 38, 39, 40, 41, 42]
735	[22, 23, 24, 25, 26, 27, 28, 29, 30]
736	[136, 137, 138]
737	[46, 47, 48, 49, 50, 51, 52, 102, 103, 104, 105, 106]
738	[0, 1, 2, 3, 4, 5]
739	[70, 71, 72, 73]
740	[164, 165, 166, 167, 168, 169, 170, 171]
741	[62, 63, 64]
742	[9, 10, 11, 12, 25, 26, 27, 28, 29, 30]
743	[714, 715, 716, 717, 718, 719]
744	[30, 31, 32, 33, 34, 35, 36, 49, 50, 51, 52, 53, 54, 117, 118, 119, 120]
745	[137, 138, 139, 140, 141, 207, 208, 209, 210, 211, 243, 244, 245, 246, 247]
746	[14, 15, 16, 17, 18, 19, 20, 21]
747	[]
748	[37, 38, 39]
749	[9, 10, 11, 12, 13]
750	[10, 11, 12, 13, 14, 78, 79, 80, 81]
751	[]
752	[23, 24, 25, 26, 27, 28]
753	[398, 399, 400, 401]
754	[48, 49, 50, 51, 52, 53]
755	[16, 17, 18, 19, 20]
756	[0, 1, 2, 3]
757	[61, 62, 63, 64, 65]
758	[22, 23, 24, 25, 26]
759	[75, 76, 77, 78, 585, 586, 587]
760	[15, 16, 17, 18, 19, 20]
761	[37, 38, 39, 40, 41, 42]
762	[31, 32, 33, 34, 35, 36, 37]
763	[56, 57, 58, 59]
764	[178, 179, 180, 181]
765	[5, 6, 7, 8, 9, 10]
766	[16, 17, 18, 19]
767	[13, 14, 15, 16, 17, 18]
768	[115, 116, 117, 118, 119, 120, 121, 258, 259, 260, 261, 262, 263]
769	[34, 35, 36, 37, 38, 39, 40]
770	[26, 27, 28, 29, 30]
771	[28, 29, 30, 31]
772	[51, 52, 53, 54, 55, 56]
773	[17, 18, 19, 20, 22, 23, 24, 25, 26, 27, 28, 29]
774	[8, 9, 10, 11, 12, 116, 117, 118, 119, 120, 121, 122, 123]
775	[96, 97, 98, 99, 100, 101]
776	[5, 6, 7, 8, 9, 10, 11]
777	[19, 20, 21, 22, 23, 24, 25, 26, 27, 310, 311, 312, 313, 314, 315, 316, 317, 363, 364, 365, 366, 367]
778	[4, 5, 6, 7, 8, 9, 10, 11]
779	[72, 73, 74, 75, 76]
780	[10, 11, 12, 13, 14, 15, 37, 38, 39, 40, 41, 42, 43, 44]
781	[7, 8, 9, 10, 11]
782	[19, 20, 21, 22, 23]
783	[42, 43, 44, 45, 46, 47, 48]
784	[11, 12, 13, 14, 15, 16]
785	[18, 19, 20, 21]
786	[159, 160, 161, 162]
787	[33, 34, 35, 36, 37, 38, 39, 40, 41, 65, 66, 67, 68, 69, 70, 71]
788	[171, 172, 173, 174, 175, 176, 218, 219, 220, 221, 222, 223, 224, 225]
789	[133, 134, 135, 136, 137]
790	[39, 40, 41, 42, 63, 64, 65, 66, 67, 68, 69, 70, 71]
791	[436, 437, 438, 439, 440, 685, 686, 687, 688, 689, 690, 691, 692]
792	[20, 21, 22, 23, 24, 25, 26]
793	[77, 78, 79, 80, 81, 82, 83, 84]
794	[582, 583, 584, 585]
795	[87, 88, 89, 90, 365, 366, 367, 368, 369, 370, 450, 451, 452, 453, 454, 455, 456, 457, 458]
796	[170, 171, 172, 173, 174, 175]
797	[41, 42, 43, 44]
798	[50, 51, 52, 53, 54, 55, 56, 57, 58, 80, 81, 82, 83, 84, 180, 181, 182, 183, 184, 185, 186, 187, 189, 190, 191, 192, 193, 194, 195, 196]
799	[234, 235, 236, 237, 337, 338, 339, 340, 341, 342]
800	[]
801	[78, 79, 80, 118, 119, 120, 121, 122, 123, 124]
802	[15, 16, 17, 18, 19, 108, 109, 110, 111, 134, 135, 136]
803	[8, 9, 10, 11]
804	[33, 34, 35, 36, 37]
805	[182, 183, 184, 185, 186, 187]
806	[16, 17, 18, 19, 20, 21]
807	[9, 10, 11, 12, 13, 14, 15]
808	[345, 346, 347, 348, 349, 350, 351, 514, 515, 516]
809	[35, 36, 37]
810	[]
811	[18, 19, 20, 21, 22, 23]
812	[129, 130, 131, 132, 133, 134, 135, 226, 227, 228, 229, 230, 231, 232, 233, 259, 260, 261, 262, 263, 264]
813	[220, 221, 222, 223, 224]
814	[20, 21, 22, 23, 24]
815	[160, 161, 162, 163, 164, 165, 166, 167, 168]
816	[29, 30, 31, 32, 33]
817	[5, 6, 7, 8, 9, 10]
818	[32, 33, 34, 35, 36, 76, 77, 78, 79, 80, 93, 94, 95, 96, 97, 98, 99, 104, 105, 106, 107, 108]
819	[39, 179, 180, 181, 182, 183, 694, 695, 696, 697, 698, 780, 781, 782, 783, 849, 850, 851, 953, 954, 955, 956]
820	[16, 17, 18, 19, 20, 21]
821	[63, 64, 65, 66, 67, 68, 69, 70, 71, 170, 171, 172, 173, 174, 175, 176, 177, 179, 180, 181, 182, 183]
822	[80, 81, 82, 83]
823	[120, 121, 122, 173, 174, 175, 176, 177]
824	[111, 112, 113, 114, 295, 296, 297, 298, 309, 310, 311, 312, 313]
825	[138, 139, 140, 141, 142, 176, 177, 178, 179, 180, 181, 182, 183, 184, 185, 207, 208, 209, 210, 211]
826	[30, 31, 32, 33]
827	[16, 17, 18, 19, 66, 67, 68, 69, 70, 71]
828	[]
829	[169, 170, 171, 172]
830	[]
831	[14, 15, 16, 17, 18, 19]
832	[151, 152, 153, 154, 155, 156, 157]
833	[0, 1, 2, 3, 230, 231, 232, 233, 234, 235, 236]
834	[7, 8, 9, 10, 11, 17, 18, 19, 20, 191, 192, 193]
835	[6, 7, 8, 9, 22, 23, 24, 25, 26, 27]
836	[115, 116, 117, 118, 119]
837	[8, 9, 10, 11, 12, 13, 14]
838	[17, 18, 19, 20, 21, 22, 23]
839	[17, 18, 19, 20, 21, 22, 23, 24, 452, 453, 454, 455]
840	[69, 70, 71, 72, 73]
841	[16, 17, 18, 19, 60, 61, 62, 63, 64, 65, 66]
842	[0, 1, 2, 3, 4, 198, 199, 200, 201, 202, 203]
843	[21, 22, 23, 24, 25, 26]
844	[255, 256, 257, 258]
845	[10, 11, 12, 13, 14, 15, 16, 22, 23, 24, 25, 26, 40, 41, 42, 43, 44, 45, 46, 47, 48]
846	[210, 211, 212, 213, 214, 215, 216, 217]
847	[22, 23, 24, 25, 26, 306, 307, 308, 309, 310, 311]
848	[117, 118, 119, 120]
849	[12, 13, 14, 15, 16, 17, 44, 45, 46]
850	[28, 29, 30, 31, 32]
851	[37, 38, 39, 40, 41, 42]
852	[]
853	[70, 71, 72, 73, 74, 75, 76, 77]
854	[80, 81, 82, 83, 84, 85]
855	[16, 17, 18, 60, 61, 62, 63, 64, 65]
856	[15, 16, 17, 18, 74, 75, 76, 77, 78, 79, 119, 120, 121]
857	[5, 6, 7, 8, 9, 10]
858	[37, 38, 39, 40, 41, 42]
859	[40, 41, 42, 43, 44, 310, 311, 312, 313, 320, 321, 322, 323]
860	[145, 146, 147, 148, 149, 150]
861	[305, 306, 307]
862	[21, 22, 23, 24, 25, 26, 27, 28, 29]
863	[5, 6, 7, 8, 9, 10, 11, 166, 167, 168, 169, 170, 171, 173, 174, 175, 176, 177, 178, 337, 338, 339, 340, 341]
864	[100, 101, 102, 103, 104, 105]
865	[21, 22, 23, 24, 25, 26, 27, 28, 29, 30, 31, 32]
866	[19, 20, 21, 22, 92, 93, 94, 95, 96, 97, 98, 99]
867	[44, 45, 46]
868	[334, 335, 336, 337, 694, 695, 696, 697, 698, 699, 984, 985, 986, 987, 988, 989, 990, 991, 992]
869	[22, 23, 24, 25, 26, 27]
870	[26, 27, 28, 29, 30, 54, 55, 56, 57, 58]
871	[106, 107, 108, 606, 607, 608, 609, 610, 611]
872	[58, 59, 60, 61]
873	[145, 146, 147, 148]
874	[19, 20, 21, 22, 69, 70, 71, 72, 73, 74, 75]
875	[36, 37, 38, 39, 40, 41, 42, 43, 44, 177, 178, 179, 180, 181, 182]
876	[67, 68, 69, 71, 72, 73, 74, 75]
877	[0, 1, 2, 3]
878	[0, 1, 2, 3]
879	[44, 45, 46, 47, 48, 49, 50, 51, 52, 53, 54, 55, 128, 129, 130, 131, 132]
880	[94, 95, 96, 97, 98, 99]
881	[0, 1, 2, 3, 27, 28, 29]
882	[122, 123, 124, 125, 126, 127]
883	[311, 312, 313, 314]
884	[8, 9, 10, 11, 12, 14, 15, 16, 17, 18, 19]
885	[99, 100, 101, 102]
886	[0, 1, 2, 3, 4, 5, 6, 7, 8, 20, 21, 22, 23, 26, 27, 28, 29]
887	[150, 151, 152, 153, 154, 189, 190, 191, 192, 193, 194]
888	[14, 15, 16, 17, 18, 19]
889	[224, 225, 226, 237, 238, 239, 240, 241, 242]
890	[75, 76, 77, 78, 79, 80, 81, 82, 83, 84, 85, 86, 92, 93, 94, 95, 96, 97]
891	[112, 113, 114, 115]
892	[36, 37, 38, 39, 148, 149, 150]
893	[0, 1, 2, 3, 4, 5]
894	[]
895	[]
896	[14, 15, 16, 17, 18, 19]
897	[40, 41, 42, 43, 44, 45, 55, 56, 57, 58, 59, 60, 61, 62, 63]
898	[0, 1, 2, 3, 4, 5, 73, 74, 75]
899	[85, 86, 87, 88]
900	[77, 78, 79, 80, 81, 82]
901	[141, 142, 143, 144, 145, 146]
902	[7, 8, 9, 10]
903	[]
904	[0, 1, 2, 3]
905	[0, 1, 2, 3, 4, 5, 7, 8, 9, 10]
906	[176, 177, 178, 179, 180, 181]
907	[]
908	[2, 3, 4, 5, 25, 26, 27, 28]
909	[10, 11, 12, 13, 14, 27, 28, 29, 30, 322, 323, 324, 325, 326, 376, 377, 378]
910	[9, 10, 11, 12]
911	[30, 31, 32, 33, 34, 35, 291, 292, 293, 294, 295, 296, 297, 298, 299]
912	[5, 6, 7, 8]
913	[10, 11, 12, 13]
914	[8, 9, 10, 11, 12]
915	[94, 95, 96]
916	[22, 23, 24, 25, 26]
917	[132, 133, 134, 135]
918	[0, 1, 2, 3, 4, 5, 10, 11, 12, 13, 14, 15]
919	[]
920	[13, 14, 15, 16, 17, 18, 19, 20, 21, 22]
921	[63, 64, 65, 66, 67]
922	[41, 42, 43, 44, 45, 46]
923	[73, 74, 75, 76, 77, 133, 134, 135, 136, 137, 138, 141, 142, 143, 176, 177, 178, 179]
924	[50, 51, 52, 53]
925	[59, 60, 61, 62, 63, 64, 66, 67, 68]
926	[11, 12, 13, 14, 15, 20, 21, 22, 23, 101, 102, 103, 104, 105, 106]
927	[44, 45, 46, 47, 48, 49, 66, 67, 68, 69, 70, 71]
928	[5, 6, 7]
929	[20, 21, 22, 23, 24, 25, 63, 64, 65, 66, 67, 68, 69, 70, 71]
930	[36, 37, 38, 39, 40, 41, 74, 75, 76, 77, 179, 180, 181, 182, 183, 220, 221, 222, 223, 224, 225, 226, 227, 228, 229, 466, 467, 468, 469, 470, 515, 516, 517, 518, 635, 636, 637, 638]
931	[30, 31, 32]
932	[40, 41, 42, 43, 44, 45]
933	[12, 13, 14, 15, 16, 17, 18, 21, 22, 23, 24, 25, 26, 27, 28, 29, 30, 31]
934	[60, 61, 62, 63, 64]
935	[46, 47, 48, 49, 50, 51, 52]
936	[32, 33, 34]
937	[9, 10, 11, 12, 13, 14, 15, 16, 17, 18]
938	[100, 101, 102, 103, 104, 296, 297, 298, 299, 300, 301, 302, 303, 305, 306, 307, 308, 309]
939	[8, 9, 10, 11, 12, 13]
940	[0, 1, 2, 3, 4, 5, 55, 56, 57, 58]
941	[0, 1, 2, 3, 4, 5]
942	[14, 15, 16, 17, 18, 19]
943	[]
944	[29, 30, 31]
945	[18, 19, 20, 21, 22]
946	[]
947	[8, 9, 10, 11, 36, 37, 38, 39, 40]
948	[0, 1, 2, 3, 4, 5]
949	[42, 43, 44, 45, 46]
950	[17, 18, 19, 25, 26, 27, 28, 29]
951	[40, 41, 42, 43, 44]
952	[23, 24, 25, 26, 27]
953	[198, 199, 200, 201, 202]
954	[18, 19, 20, 61, 62, 63, 64, 65, 66, 225, 226, 227, 228, 229, 318, 319, 320]
955	[5, 6, 7, 8, 9]
956	[26, 27, 28]
957	[34, 35, 36, 37, 38, 39, 40]
958	[]
959	[6, 7, 8, 9]
960	[]
961	[27, 28, 29, 30, 31, 32, 345, 346, 347, 348, 600, 601, 602]
962	[68, 69, 70, 71, 72, 73, 74, 75]
963	[99, 100, 101, 102, 103, 104]
964	[31, 32, 33]
965	[122, 123, 124, 125, 126, 127]
966	[15, 16, 17, 18, 19]
967	[48, 49, 50, 51, 52, 53, 54, 55, 162, 163, 164, 165, 166, 167, 168]
968	[74, 75, 76, 77, 78, 79, 80, 81, 82, 87, 88, 89, 90, 91, 92, 93, 94, 95]
969	[10, 11, 12, 13, 14, 15, 16]
970	[109, 110, 111, 112, 113, 114]
971	[78, 79, 80, 81]
972	[36, 37, 38, 39, 40, 41, 42, 43, 44, 52, 53, 54]
973	[34, 35, 36, 37, 38, 39]
974	[17, 18, 19, 20, 21]
975	[0, 1, 2, 3]
976	[151, 152, 153, 154, 155, 217, 218, 219, 220, 221, 233, 234, 235]
977	[]
978	[62, 63, 64, 65, 66, 67]
979	[68, 69, 70, 71, 72, 73]
980	[232, 233, 234, 235, 236, 475, 476, 477, 478, 479]
981	[7, 8, 9, 10, 11, 12]
982	[167, 168, 169, 170, 171, 172, 222, 223, 224, 225, 226]
983	[14, 15, 16, 17, 18]
984	[116, 117, 118, 119]
985	[217, 218, 219, 220, 221, 222, 223]
986	[75, 76, 77, 78, 79, 80, 81, 82, 83, 84]
987	[156, 157, 158, 159, 160, 205, 206, 207, 208, 209]
988	[19, 20, 21, 22, 23, 24, 25, 26]
989	[63, 64, 65, 66, 67, 68, 195, 196, 197, 198, 199, 200, 201, 202, 203]
990	[4, 5, 6, 7, 8, 51, 52, 53, 54, 55, 56, 57]
991	[]
992	[]
993	[57, 58, 59, 60]
994	[11, 12, 13, 14]
995	[108, 109, 110, 111, 112, 113, 115, 116, 117, 118]
996	[8, 9, 10, 11, 12]
997	[151, 152, 153, 154, 155, 278, 279, 280, 281, 282, 283]
998	[14, 15, 16, 17, 18, 19, 20, 47, 48, 49]
999	[7, 8, 9, 10, 11, 12, 13, 14]
1000	[135, 136, 137, 138, 339, 340, 341, 342, 343, 344]
1001	[5, 6, 7, 8]
1002	[175, 176, 177, 178, 179, 180]
1003	[154, 155, 156, 157, 158, 159, 160, 221, 222, 223, 224, 225, 240, 241, 242, 243, 244, 245]
1004	[117, 118, 119, 120, 129, 130, 131, 132, 133, 134, 135, 136, 137, 139, 140, 141, 142, 143, 144]
1005	[5, 6, 7, 8, 9, 10]
1006	[506, 507, 508, 932, 933, 934, 935, 936, 937]
1007	[50, 51, 52, 53, 54, 143, 144, 145, 146, 147, 148]
1008	[91, 92, 93, 94, 95, 96]
1009	[51, 52, 53, 54, 55, 376, 377, 378, 379, 380, 381, 382, 383, 384]
1010	[132, 133, 134]
1011	[]
1012	[18, 19, 20, 21, 22, 23]
1013	[0, 1, 2, 3, 4, 5]
1014	[41, 42, 43, 44, 45, 46]
1015	[33, 34, 35, 36, 37, 38]
1016	[105, 106, 107, 156, 157, 158, 159, 160]
1017	[127, 128, 129, 130, 131, 132]
1018	[32, 33, 34, 35, 46, 47, 48, 49, 50]
1019	[3, 4, 5, 6, 7]
1020	[106, 107, 108, 109, 110, 111, 112, 113, 114]
1021	[12, 13, 14, 15, 16, 17]
1022	[23, 24, 25, 26, 27, 28]
1023	[0, 1, 2, 3, 59, 60, 61, 62, 166, 167, 168, 169, 170, 171]
1024	[]
1025	[47, 48, 49, 153, 154, 155, 156, 157, 387, 388, 389, 390, 391, 405, 406, 407, 408, 409, 410, 411]
1026	[16, 17, 18, 19, 20, 21, 22, 23]
1027	[]
1028	[232, 233, 234, 235, 236, 237, 238, 239, 240]
1029	[200, 201, 202, 203, 204]
1030	[24, 25, 26, 27, 28, 56, 57, 58, 59, 60]
1031	[8, 9, 10, 11]
1032	[189, 190, 191, 192, 193, 194]
1033	[262, 263, 264, 265, 266, 428, 429, 430, 431, 432, 433]
1034	[]
1035	[104, 105, 106, 107, 108, 109, 340, 341, 342, 343, 344, 345, 346, 347, 348]
1036	[0, 1, 2, 3, 4, 5, 6, 7]
1037	[]
1038	[241, 242, 243, 244]
1039	[12, 13, 14, 15, 16]
1040	[25, 26, 27, 28]
1041	[]
1042	[110, 111, 112, 113, 114, 115, 116, 240, 241, 242]
1043	[38, 39, 40, 41, 42, 43]
1044	[167, 168, 169, 170, 171, 172, 173, 174, 175]
1045	[133, 134, 135, 136, 137, 138]
1046	[147, 148, 149, 230, 231, 232, 233, 234, 235, 236]
1047	[13, 14, 15, 16, 36, 37, 38, 39]
1048	[32, 33, 34, 35]
1049	[67, 68, 69, 87, 88, 89, 90, 91, 188, 189, 190, 191, 192]
1050	[31, 32, 33, 34, 35, 72, 73, 74, 75, 76, 387, 388, 389, 390, 391, 392, 393, 394, 395, 396, 397, 398]
1051	[43, 44, 45, 46]
1052	[7, 8, 9, 10, 11, 12, 96, 97, 98]
1053	[16, 17, 18, 19, 20]
1054	[31, 32, 33, 34, 35, 36, 37, 50, 51, 52, 53, 54]
1055	[96, 97, 98, 99, 100, 101]
1056	[29, 30, 31, 32, 33, 34]
1057	[67, 68, 69, 70, 71, 72, 73]
1058	[8, 9, 10, 11]
1059	[4, 5, 6, 7, 8, 38, 39, 40, 41, 42, 154, 155, 156, 157, 158, 159, 160]
1060	[23, 24, 25, 26, 27]
1061	[204, 205, 206, 207, 208]
1062	[288, 289, 290, 291]
1063	[19, 20, 21, 22, 23]
1064	[]
1065	[85, 86, 87, 88, 89, 90]
1066	[115, 116, 117, 118, 119]
1067	[185, 186, 187, 188, 189, 190, 191, 192]
1068	[369, 370, 371, 372, 373, 378, 379, 380, 381, 382, 383, 384, 385, 386, 387]
1069	[61, 62, 63, 64, 253, 254, 255, 256, 257, 258]
1070	[126, 127, 128, 129, 130, 240, 241, 242, 243, 249, 250, 251, 252, 253, 254]
1071	[217, 218, 219, 220, 221, 222]
1072	[32, 33, 34, 35, 41, 42, 43, 44, 45, 46, 47, 48, 49, 50, 51]
1073	[248, 249, 250, 251, 252, 253]
1074	[81, 82, 83, 84, 85, 86]
1075	[227, 228, 229, 230, 231, 232]
1076	[193, 194, 195, 196, 197, 198]
1077	[87, 88, 89, 90, 91, 92, 93]
1078	[31, 32, 33, 34, 35, 36, 37, 38]
1079	[108, 109, 110, 111, 124, 125, 126, 127, 128, 129, 130, 151, 152, 153, 154]
1080	[50, 51, 52, 53, 54, 55, 56, 70, 71, 72, 73, 74, 75]
1081	[45, 46, 47, 48, 49, 50, 51, 52]
1082	[18, 19, 20, 21, 24, 25, 26, 27, 28, 29, 30, 31, 47, 48, 49, 50, 78, 79, 80, 81, 82]
1083	[18, 19, 20, 21, 22, 23]
1084	[196, 197, 198, 199, 200]
1085	[52, 53, 54, 55]
1086	[0, 1, 2, 3]
1087	[25, 26, 27]
1088	[51, 52, 53, 54, 55, 56]
1089	[157, 158, 159, 160, 161, 162, 163, 164, 165, 166, 167, 171, 172, 173, 174, 175, 176, 177]
1090	[116, 117, 118]
1091	[4, 5, 6, 7, 138, 139, 140, 141, 142]
1092	[20, 21, 22, 23, 25, 26, 27, 28, 29, 30, 31]
1093	[39, 40, 41, 42, 43, 44, 45, 46, 47]
1094	[45, 46, 47, 48, 49, 50]
1095	[4, 5, 6, 7, 8, 185, 186, 187, 188, 189, 190, 191, 192, 194, 195, 196, 197, 198]
1096	[4, 5, 6, 7, 8, 40, 41, 42, 43, 44, 45, 46, 47, 433, 434, 435, 436, 437]
1097	[25, 26, 27, 28, 29, 30, 31]
1098	[133, 134, 135, 136, 137, 138]
1099	[10, 11, 12, 13, 14, 15]
1100	[184, 185, 186, 187, 188, 189, 228, 229, 230, 231]
1101	[147, 148, 149, 150, 151]
1102	[22, 23, 24, 25, 26, 27]
1103	[3, 4, 5, 6, 7, 8]
1104	[39, 40, 41, 42, 43, 44]
1105	[61, 62, 63, 64, 65, 66, 67, 68, 74, 75, 76, 77, 78, 79]
1106	[73, 74, 75, 76, 77, 78, 158, 159, 160, 161, 162, 163, 164, 165, 166, 330, 331, 332, 333, 334, 335]
1107	[51, 52, 53, 54, 55]
1108	[15, 16, 17, 18, 19, 20]
1109	[44, 45, 46, 201, 202, 203, 204, 205, 206, 207, 208, 209, 210]
1110	[170, 171, 172, 173, 174, 175, 176, 177]
1111	[186, 187, 188, 189, 190]
1112	[22, 23, 24, 25, 26, 28, 29, 30, 31, 76, 77, 78, 106, 107, 108, 109, 110, 111, 112, 126, 127, 128, 129, 130]
1113	[111, 112, 113, 114, 115, 116]
1114	[20, 21, 22, 23, 24]
1115	[30, 31, 32, 33, 52, 53, 54, 55, 56, 57, 58, 59, 61, 62, 63, 64, 65]
1116	[218, 219, 220, 359, 360, 361, 362, 363, 364, 365, 366, 367, 368, 369, 380, 381, 382, 383, 384]
1117	[8, 9, 10, 11, 12, 54, 55, 56, 57, 58, 59, 102, 103, 104, 105, 154, 155, 156, 157, 167, 168, 169, 170, 171, 172, 173, 174, 175]
1118	[117, 118, 119, 120, 340, 341, 342, 343, 344, 345, 346]
1119	[8, 9, 10, 11, 12, 13, 14]
1120	[147, 148, 149, 150, 151, 152, 153]
1121	[177, 178, 179, 180, 181, 182, 183, 184, 185, 186]
1122	[43, 44, 45, 46, 47]
1123	[44, 45, 46, 47]
1124	[14, 15, 16, 17, 18, 19]
1125	[4, 5, 6, 7, 8, 9]
1126	[140, 141, 142, 143, 144, 145, 146, 147]
1127	[172, 173, 174, 175, 176, 287, 288, 289, 290, 304, 305, 306, 307, 308, 403, 404, 405, 406]
1128	[12, 13, 14, 15, 16, 21, 22, 23, 24, 25, 26, 46, 47, 48, 49, 50, 51, 52, 53, 112, 113, 114, 115, 116]
1129	[7, 8, 9, 10, 11, 12, 13, 14, 15, 16]
1130	[15, 16, 17, 18, 19, 20, 21, 22, 23]
1131	[24, 25, 26, 27, 28, 29, 103, 104, 105, 106, 107, 108, 109, 110, 111, 350, 351, 352]
1132	[161, 162, 163]
1133	[48, 49, 50, 51]
1134	[182, 183, 184, 185, 186, 187]
1135	[21, 22, 23, 24, 25, 26, 27, 28, 29, 30, 117, 118, 119, 120, 121, 122]
1136	[20, 21, 22, 23, 24, 56, 57, 58, 59, 60, 61, 62, 63, 64]
1137	[131, 132, 133, 134]
1138	[32, 33, 34, 35, 36, 37, 38, 39, 40]
1139	[32, 33, 34, 35, 36, 37, 38, 39, 40]
1140	[55, 56, 57, 58, 59, 60]
1141	[59, 60, 61, 62, 63, 64, 65]
1142	[25, 26, 27, 28, 29, 30]
1143	[235, 236, 237, 238, 239, 240, 241]
1144	[0, 1, 2, 3, 4, 5, 6, 7, 210, 211, 212, 213, 214, 285, 286, 287, 288, 289, 290, 291]
1145	[0, 1, 2, 3, 14, 15, 16, 17, 18]
1146	[110, 111, 112, 113, 114, 115, 116, 117, 118, 123, 124, 125, 126, 127, 128, 129]
1147	[137, 138, 139, 140, 141]
1148	[13, 14, 15, 16, 17, 18, 193, 194, 195, 196, 197, 198, 199, 200, 201, 318, 319, 320, 321]
1149	[8, 9, 10, 11]
1150	[]
1151	[15, 16, 17, 18]
1152	[22, 23, 24, 25, 26, 27, 29, 30, 31, 32, 36, 37, 38, 39, 40, 41, 42]
1153	[31, 32, 33, 34, 35]
1154	[16, 17, 18, 19, 20, 21, 22, 23, 24, 25]
1155	[23, 24, 25, 26, 27, 28]
1156	[24, 25, 26, 27, 28, 29, 75, 76, 77, 78]
1157	[55, 56, 57, 58, 59, 60, 61, 62, 63, 64]
1158	[5, 6, 7, 8, 83, 84, 85]
1159	[]
1160	[8, 9, 10, 11, 12]
1161	[18, 19, 20, 64, 65, 66, 67]
1162	[13, 14, 15, 16]
1163	[39, 40, 41, 42, 43, 44]
1164	[257, 258, 259, 260, 261, 262, 280, 281, 282, 283, 284, 285, 287, 288, 289, 290]
1165	[79, 80, 81, 82, 83, 84, 85]
1166	[16, 17, 18, 19, 20]
1167	[7, 8, 9, 10]
1168	[62, 63, 64, 65]
1169	[0, 1, 2, 3, 4, 5]
1170	[19, 20, 21, 22]
1171	[154, 155, 156, 157, 158, 159, 161, 162, 163, 164]
1172	[79, 80, 81, 82, 83, 84, 85]
1173	[0, 1, 2, 3, 4, 5, 6, 7, 8, 9]
1174	[119, 120, 121, 122, 123, 124, 125, 126]
1175	[26, 27, 28, 29]
1176	[37, 38, 39, 40, 41]
1177	[6, 7, 8, 9, 10, 67, 68, 69, 70, 71, 72, 73, 74, 75]
1178	[34, 35, 36, 37, 38]
1179	[17, 18, 19, 20, 21, 22, 182, 183, 184, 185, 186]
1180	[94, 95, 96, 97, 98, 99, 100, 120, 121, 122]
1181	[219, 220, 221, 222, 223, 224]
1182	[45, 46, 47, 48, 547, 548, 549, 550, 551, 552]
1183	[12, 13, 14, 15, 16, 17, 82, 83, 84, 85]
1184	[85, 86, 87, 88, 89, 90, 115, 116, 117, 118, 119, 142, 143, 144, 145, 146, 147, 148]
1185	[113, 114, 115]
1186	[21, 22, 23, 24, 25]
1187	[50, 51, 52, 53, 54, 55]
1188	[129, 130, 131, 132, 133]
1189	[15, 16, 17, 18, 19, 20]
1190	[22, 23, 24, 146, 147, 148, 149, 150, 151, 152, 153]
1191	[85, 86, 87, 88, 89, 90]
1192	[184, 185, 186, 187]
1193	[99, 100, 101, 102, 103, 104, 105, 113, 114, 115, 180, 181, 182, 183, 184, 185]
1194	[41, 42, 43, 44, 45, 46, 47, 48, 49, 50, 187, 188, 189, 190, 191]
1195	[56, 57, 58, 59, 60, 62, 63, 64, 65]
1196	[71, 72, 73, 74, 75, 76, 77, 78, 80, 81, 82, 83, 84]
1197	[32, 33, 34, 35, 36, 37, 113, 114, 115, 116, 117, 118]
1198	[68, 69, 70, 71, 72, 73, 74, 75, 76]
1199	[195, 196, 197, 198, 199, 200, 201]
1200	[39, 40, 41, 42, 43, 44]
1201	[27, 28, 29, 30, 31, 32, 33]
1202	[84, 85, 86, 87, 88]
1203	[20, 21, 22, 23, 24, 25, 26, 27, 28, 30, 31, 32, 33, 34]
1204	[31, 32, 33, 34, 35]
1205	[171, 172, 173, 174, 175]
1206	[25, 26, 27, 28, 29, 30, 31, 32, 33]
1207	[74, 75, 76, 77, 78, 79, 80, 82, 83, 84, 85, 86, 87, 88]
1208	[36, 37, 38, 39, 40, 41, 43, 44, 45, 46]
1209	[7, 8, 9, 10, 11]
1210	[94, 95, 96, 97, 287, 288, 289, 290, 291, 292]
1211	[234, 235, 236, 237, 238, 239, 296, 297, 298, 299, 300, 301, 302, 303, 304, 305]
1212	[58, 59, 60, 61]
1213	[120, 121, 122, 123, 124, 125]
1214	[0, 1, 2, 3, 4, 5]
1215	[85, 86, 87, 88, 89, 171, 172, 173, 174]
1216	[48, 49, 50, 51, 52, 53, 54, 246, 247, 248, 249, 250, 251, 252]
1217	[237, 238, 239, 240, 241, 242]
1218	[]
1219	[200, 201, 202, 203, 204]
1220	[152, 153, 154, 155, 156, 157]
1221	[48, 49, 50, 51]
1222	[81, 82, 83, 84, 85, 86, 87, 88, 89]
1223	[35, 36, 37, 38, 39, 40, 41, 42, 91, 92, 93, 94, 95, 96]
1224	[35, 36, 37, 38, 39, 40, 41]
1225	[203, 204, 205, 227, 228, 229, 230, 387, 388, 389, 390, 391]
1226	[19, 20, 21, 22, 23, 24]
1227	[40, 41, 42, 43, 44, 45]
1228	[168, 169, 170, 171, 172, 173]
1229	[3, 4, 5, 6, 7, 8]
1230	[23, 24, 25, 26, 43, 44, 45, 46, 47, 48]
1231	[10, 11, 12, 13, 177, 178, 179, 180, 181]
1232	[168, 169, 170, 171, 172, 173, 174, 175, 176, 177, 178, 213, 214, 215, 216, 217, 218]
1233	[16, 17, 18, 19, 20, 21, 22, 23]
1234	[9, 10, 11, 12, 13, 14, 15, 16]
1235	[]
1236	[32, 33, 34, 35, 36]
1237	[76, 77, 78, 79, 80, 81, 82, 83, 84, 85, 91, 92, 93, 94, 95, 96, 97]
1238	[112, 113, 114, 115, 116, 117]
1239	[27, 28, 29, 30, 31, 169, 170, 171, 172, 173, 174, 175, 176, 177]
1240	[184, 185, 186, 187, 188, 189]
1241	[]
1242	[73, 74, 75, 76, 77, 78, 214, 215, 216, 217, 218]
1243	[41, 42, 43, 44, 45, 46, 47, 48, 49]
1244	[93, 94, 95, 96, 97]
1245	[79, 80, 81, 82]
1246	[127, 128, 129, 130, 131, 132]
1247	[84, 85, 86, 87, 88, 89]
1248	[93, 94, 95, 96]
1249	[21, 22, 23, 24, 25]
1250	[82, 83, 84, 85, 86, 87, 88, 89]
1251	[173, 174, 175, 176, 177, 178, 179, 180, 181, 182]
1252	[45, 46, 47, 48, 49, 50]
1253	[417, 418, 419, 420, 421, 422, 423, 424, 442, 443, 444, 445, 446, 447]
1254	[45, 46, 47, 48]
1255	[10, 11, 12, 13, 14]
1256	[]
1257	[20, 21, 22, 23, 24, 25, 26, 54, 55, 56, 57, 58, 59, 60, 61, 62, 63]
1258	[]
1259	[118, 119, 120, 121, 124, 125, 126, 127, 128, 129, 130, 131, 133, 134, 135, 136, 137, 138]
1260	[]
1261	[0, 1, 2, 3, 4, 5, 55, 56, 57, 58, 59, 60, 61, 62, 63, 64]
1262	[8, 9, 10, 11, 12]
1263	[]
1264	[93, 94, 95, 96, 335, 336, 337, 338, 339, 340, 341, 383, 384, 385, 386, 387, 446, 447, 448, 449]
1265	[19, 20, 21, 22, 23, 24, 25, 26, 182, 183, 184, 185, 186]
1266	[]
1267	[]
1268	[14, 15, 16, 17, 18, 19, 20, 21]
1269	[63, 64, 65, 66, 68, 69, 70]
1270	[0, 1, 2, 3, 4, 5, 56, 57, 58, 59]
1271	[27, 28, 29, 30, 31, 32, 33, 141, 142, 143, 227, 228, 229, 230]
1272	[168, 169, 170, 171, 172, 173, 174, 175]
1273	[4, 5, 6, 7, 8, 9, 10, 11, 29, 30, 31]
1274	[15, 16, 17, 18, 19, 144, 145, 146, 147, 148, 149, 150, 151]
1275	[143, 144, 145, 146, 328, 329, 330, 346, 347, 348, 349, 350]
1276	[171, 172, 173, 174, 175, 176]
1277	[48, 49, 50, 51, 52, 53, 55, 56, 57, 58, 59, 60, 61]
1278	[157, 158, 159, 160, 161, 162]
1279	[0, 1, 2, 3, 4, 5, 6]
1280	[56, 57, 58, 59, 60, 61, 62, 63, 64, 65]
1281	[10, 11, 12, 13, 14, 36, 37, 38, 39, 40]
1282	[0, 1, 2, 3, 4, 5, 6, 7, 8, 977, 978, 979, 980, 981, 982, 983, 984, 985, 986, 988, 989, 990, 991, 992, 993, 994, 995, 996, 997]
1283	[74, 75, 76, 77, 78, 79, 80]
1284	[24, 25, 26, 27, 28, 29]
1285	[24, 25, 26, 27]
1286	[18, 19, 20, 21, 22, 23, 24, 25]
1287	[]
1288	[28, 29, 30, 31, 32]
1289	[31, 32, 33, 34, 35, 36, 37, 38, 39, 139, 140, 141, 142]
1290	[]
1291	[114, 115, 116, 117, 118, 119, 120, 121, 122]
1292	[21, 22, 23, 24, 229, 230, 231, 232, 233, 234, 235]
1293	[82, 83, 84, 85, 86, 87]
1294	[150, 151, 152, 153, 154, 179, 180, 181, 182, 183, 184, 185, 293, 294, 295, 296, 297]
1295	[29, 30, 31, 32, 33, 34]
1296	[87, 88, 89, 90, 91, 92, 93, 94]
1297	[8, 9, 10, 11]
1298	[13, 14, 15, 16, 17]
1299	[155, 156, 157, 158, 159, 160, 161]
1300	[]
1301	[97, 98, 99, 100, 101]
1302	[7, 8, 9, 10, 11]
1303	[19, 20, 21, 22, 23, 24]
1304	[30, 31, 32, 33, 34, 35]
1305	[368, 369, 370, 371, 372, 373]
1306	[30, 31, 32, 33, 34, 35, 36, 37, 38]
1307	[14, 15, 16, 17, 18, 19]
1308	[112, 113, 114, 115, 116, 117]
1309	[71, 72, 73, 86, 87, 88, 89]
1310	[293, 294, 295, 296]
1311	[100, 101, 102, 103, 104, 105, 161, 162, 163, 164, 165, 166, 167, 168, 169]
1312	[40, 41, 42, 64, 65, 66, 67, 68, 69, 70]
1313	[]
1314	[8, 9, 10, 11, 12]
1315	[]
1316	[29, 30, 31, 32, 33, 34, 77, 78, 79]
1317	[]
1318	[156, 157, 158, 159, 160, 161, 162, 163, 164, 230, 231, 232, 233, 234, 300, 301, 302, 303, 304, 305]
1319	[0, 1, 2, 3, 4, 5, 187, 188, 189, 190]
1320	[8, 9, 10, 11, 12, 13]
1321	[144, 145, 146, 147, 235, 236, 237, 238, 239, 240]
1322	[28, 29, 30, 31, 32, 64, 65, 66, 67, 68, 69]
1323	[0, 1, 2, 3, 4, 5]
1324	[103, 104, 105, 106, 107, 108, 109, 129, 130, 131, 132, 133, 134, 135]
1325	[15, 16, 17, 18, 19]
1326	[87, 88, 89, 137, 138, 139, 140, 141, 142, 143]
1327	[26, 27, 28, 29, 30]
1328	[156, 157, 158]
1329	[19, 20, 21, 22, 23, 24]
1330	[35, 36, 37, 38, 39]
1331	[28, 29, 30, 31, 32, 97, 98, 99, 100, 101]
1332	[19, 20, 21, 22, 23]
1333	[36, 37, 38, 39, 40, 41, 42, 98, 99, 100, 101, 102]
1334	[15, 16, 17, 18, 19]
1335	[9, 10, 11, 12, 13, 58, 59, 60, 61, 62, 63, 64, 65, 66]
1336	[52, 53, 54, 55, 56, 58, 59, 60, 61, 62]
1337	[]
1338	[62, 63, 64, 65, 66, 67, 68, 69, 70]
1339	[21, 22, 23, 24, 25, 26]
1340	[]
1341	[155, 156, 157, 158, 159, 160, 161, 162]
1342	[10, 11, 12, 13, 14, 15, 16, 149, 150, 151]
1343	[9, 10, 11, 12, 147, 148, 149, 150, 151, 152, 219, 220, 221, 222, 223, 224]
1344	[29, 30, 31, 32, 33, 117, 118, 119, 120, 121, 122]
1345	[17, 18, 19, 20, 21, 22, 23, 24, 25, 26, 27, 83, 84, 85, 86, 87, 88, 89, 90]
1346	[9, 10, 11, 12, 263, 264, 265]
1347	[54, 55, 56, 57, 58, 111, 112, 113, 114, 115]
1348	[30, 31, 32, 33, 34]
1349	[12, 13, 14, 15, 16, 47, 48, 49, 50, 51, 52]
1350	[28, 29, 30, 31]
1351	[158, 159, 160, 161, 162, 163, 330, 331, 332, 333, 334, 335, 336, 337]
1352	[]
1353	[115, 116, 117, 118, 119, 120]
1354	[75, 76, 77, 78, 79, 80, 211, 212, 213, 214, 215, 216]
1355	[32, 33, 34, 35, 36, 63, 64, 65, 66]
1356	[58, 59, 60, 61, 62, 63, 64]
1357	[10, 11, 12, 55, 56, 57, 58]
1358	[6, 7, 8, 9]
1359	[26, 27, 28, 29, 30]
1360	[16, 17, 18, 19, 20, 21, 22, 23, 24, 25]
1361	[17, 18, 19, 20, 21]
1362	[102, 103, 104, 105, 106, 107, 109, 110, 111, 112]
1363	[]
1364	[240, 241, 242, 243, 244]
1365	[54, 55, 56, 57, 58, 59]
1366	[292, 293, 294, 295, 302, 303, 304, 305, 306]
1367	[]
1368	[0, 1, 2, 3]
1369	[58, 59, 60, 61, 96, 97, 98, 99, 100, 110, 111, 112, 113, 117, 118, 119, 223, 224, 225, 226, 227, 228, 229, 230, 231]
1370	[79, 80, 81, 82, 83, 84, 85, 86, 94, 95, 96, 97, 98, 99]
1371	[]
1372	[64, 65, 66, 67, 68, 150, 151, 152, 153, 154, 155, 156, 157, 158]
1373	[3, 4, 5, 6, 7]
1374	[25, 26, 27, 28, 29]
1375	[11, 12, 13, 67, 68, 69, 70, 71, 72, 73, 74, 75, 76]
1376	[10, 11, 12, 13, 14, 15]
1377	[10, 11, 12, 13, 14, 15, 16, 17, 50, 51, 52, 53, 54, 55, 56, 131, 132, 133, 134, 135]
1378	[14, 15, 16, 17, 18, 20, 21, 22, 23, 24, 25]
1379	[15, 16, 17, 18, 19, 39, 40, 41, 126, 127, 128, 129, 130, 131, 132, 155]
1380	[9, 10, 11, 12, 13, 14]
1381	[173, 174, 175, 176, 177]
1382	[17, 18, 19, 20, 21]
1383	[19, 20, 21, 22, 23, 24, 25, 26]
1384	[3, 4, 5, 6, 8, 9, 10, 11, 12, 13, 14]
1385	[10, 11, 12, 13, 142, 143, 144, 145, 146, 147, 148, 149]
1386	[]
1387	[41, 42, 43, 44, 45, 46]
1388	[17, 18, 19, 20, 21, 33, 34, 35, 36, 37]
1389	[4, 5, 6, 7, 8, 9, 122, 123, 124, 125, 126, 127, 128]
1390	[198, 199, 200, 201, 202, 203, 204, 205]
1391	[]
1392	[18, 19, 20, 21]
1393	[]
1394	[26, 27, 28, 29, 30, 31]
1395	[]
1396	[76, 77, 78, 79, 80, 348, 349, 350, 351]
1397	[78, 79, 80, 81, 82, 83, 84, 85]
1398	[62, 63, 64, 65, 66, 67, 68, 69, 70, 71]
1399	[61, 62, 63, 64, 65]
1400	[12, 13, 14, 15, 16, 17]
1401	[25, 26, 27, 46, 47, 48, 49]
1402	[8, 9, 10, 11, 12, 13, 14]
1403	[66, 67, 68, 69, 70, 71]
1404	[33, 34, 35, 36, 37, 38, 295, 296, 297, 701, 702, 703, 704, 705]
1405	[80, 81, 82, 141, 142, 143, 144, 145, 146, 147, 148, 149, 150, 160, 161, 162, 163]
1406	[214, 215, 216, 217, 218, 219]
1407	[19, 20, 21, 22, 23, 24]
1408	[0, 1, 2, 3, 4, 5, 6, 7, 8, 9]
1409	[17, 18, 19, 20, 108, 109, 110]
1410	[30, 31, 32, 33, 34, 35, 57, 58, 59, 60, 61, 62, 63, 64]
1411	[74, 75, 76, 77, 78, 79, 80, 146, 147, 148, 149, 150, 151]
1412	[5, 6, 7, 8, 39, 40, 41]
1413	[13, 14, 15, 16, 98, 99, 100]
1414	[8, 9, 10, 11, 12, 13, 14]
1415	[123, 124, 125, 181, 182, 183, 184, 185, 186]
1416	[59, 60, 61]
1417	[14, 15, 16, 17, 18, 19]
1418	[29, 30, 31, 32, 33, 34, 35, 36, 37]
1419	[251, 252, 253, 254, 255, 256, 257, 258, 259, 313, 314, 315, 316, 317, 322, 323, 324, 325, 326]
1420	[469, 470, 471, 472, 473, 474, 475, 476, 509, 510, 511, 512, 513, 514, 515, 516, 517]
1421	[21, 22, 23, 24, 25, 26, 27, 28, 144, 145, 146, 147, 698, 699, 700, 701, 702]
1422	[12, 13, 14, 15, 16, 17]
1423	[130, 131, 132, 133, 134, 135, 251, 252, 253, 254, 255, 256, 257, 258, 259, 260, 317, 318, 319, 320, 321]
1424	[12, 13, 14, 15, 16, 17]
1425	[61, 62, 63, 64, 65, 66, 67, 68, 70, 71, 72, 73, 74, 75, 76]
1426	[11, 12, 13, 14, 15, 118, 119, 120, 121]
1427	[24, 25, 26, 27, 28, 29, 36, 37, 38, 39, 40]
1428	[24, 25, 26, 27]
1429	[]
1430	[7, 8, 9, 10]
1431	[77, 78, 79, 80, 81, 82, 83, 85, 86, 87, 88, 89, 90, 91]
1432	[42, 43, 44, 45, 46, 47, 48, 124, 125, 126, 127]
1433	[11, 12, 13, 14, 15]
1434	[12, 13, 14, 15, 16]
1435	[93, 94, 95, 96, 97, 98, 99, 100, 101]
1436	[8, 9, 10, 11, 12, 13, 14, 15, 16, 17, 334, 335, 336, 337, 338, 339, 340]
1437	[39, 40, 41, 42, 43, 83, 84, 85, 86, 92, 93, 94, 95, 96, 97]
1438	[39, 40, 41, 42]
1439	[11, 12, 13, 14, 80, 81, 82, 83, 84, 85, 86]
1440	[43, 44, 45, 46, 47, 48, 49, 65, 66, 67, 68, 95, 96, 97, 98, 99, 100, 224, 225, 226, 227, 228]
1441	[230, 231, 232, 284, 285, 286, 287, 288, 289, 290, 291]
1442	[]
1443	[]
1444	[76, 77, 78, 79, 155, 156, 157]
1445	[179, 180, 181, 182, 329, 330, 331, 332]
1446	[460, 461, 462, 463, 464, 465, 523, 524, 525, 526, 527, 528, 529, 530]
1447	[34, 35, 36, 37]
1448	[147, 148, 149, 150, 151, 248, 249, 250, 251, 252, 253]
1449	[23, 24, 25, 26, 27, 28, 29, 30, 31, 87, 88, 89, 90, 91]
1450	[12, 13, 14]
1451	[62, 63, 64, 65, 66, 93, 94, 95, 96, 97]
1452	[2, 3, 4, 5]
1453	[5, 6, 7, 8, 9, 10, 125, 126, 127, 128, 129, 210, 211, 212, 213, 214, 273, 274, 275]
1454	[17, 18, 19, 219, 220, 221, 222, 223, 224, 305, 306, 307, 308]
1455	[16, 17, 18, 19, 20]
1456	[12, 13, 14, 15, 16, 68, 69, 70, 71, 72, 73, 74, 75]
1457	[4, 5, 6, 7, 8, 9, 10, 11]
1458	[]
1459	[180, 181, 182, 183, 184, 185, 186]
1460	[2, 3, 4, 5, 6, 7, 38, 39, 40, 77, 78, 79, 80, 81]
1461	[48, 49, 50, 51, 52, 53, 54, 275, 276, 277, 278, 279, 280, 281, 282]
1462	[148, 149, 150]
1463	[324, 325, 326, 327, 449, 450, 451, 452, 453, 481, 482, 483]
1464	[27, 28, 29, 30, 31, 32]
1465	[98, 99, 100, 101]
1466	[57, 58, 59, 163, 164, 165, 166, 167]
1467	[92, 93, 94, 95, 96]
1468	[87, 88, 89, 90]
1469	[37, 38, 39]
1470	[59, 60, 61, 62, 106, 107, 108, 109, 110, 111, 112, 113, 114, 115]
1471	[40, 41, 42, 43, 44, 45, 409, 410, 411, 412, 413]
1472	[9, 10, 11, 12, 13, 14, 318, 319, 320, 321, 322, 323]
1473	[81, 82, 83, 84, 87, 88, 89, 90, 91]
1474	[20, 21, 22, 23]
1475	[59, 60, 61, 62, 63, 64, 65, 130, 131, 132, 133, 134]
1476	[292, 293, 294, 295, 296, 297, 298, 364, 365, 366, 367, 368, 369]
1477	[230, 231, 232, 233, 234, 235, 279, 280, 281, 282, 283, 284, 285]
1478	[]
1479	[373, 374, 375, 376, 377, 378, 379, 380, 381]
1480	[13, 14, 15, 16, 59, 60, 61, 104, 105, 106, 107, 108]
1481	[273, 274, 275, 277, 278, 279, 280, 281, 282, 283]
1482	[141, 142, 143, 144, 145, 146]
1483	[71, 72, 73, 74, 75, 76, 77, 360, 361, 362, 363, 364, 365]
1484	[14, 15, 16, 17, 18, 19, 20, 21]
1485	[]
1486	[33, 34, 35, 36]
1487	[11, 12, 13, 14, 15]
1488	[140, 141, 142, 143, 144, 145]
1489	[120, 121, 122, 123, 124, 125, 126, 127, 491, 492, 493, 494, 495, 496, 497, 498]
1490	[5, 6, 7, 8, 9, 10, 11, 29, 30, 31, 32, 33, 34, 35, 36, 37, 38]
1491	[10, 11, 12, 13, 14]
1492	[135, 136, 137, 138, 139, 140]
1493	[26, 27, 28, 29, 30, 31, 32, 33, 34]
1494	[102, 103, 104, 105, 106, 120, 121, 122, 123, 124, 194, 195, 196, 197, 198, 199]
1495	[30, 31, 32, 33, 34, 35, 41, 42, 43, 44, 45, 46]
1496	[22, 23, 24, 25, 26, 49, 50, 51, 52]
1497	[63, 64, 65, 66, 67, 119, 120, 121, 122, 123]
1498	[75, 76, 77, 78, 79]
1499	[]
1500	[95, 96, 97, 98, 99, 100]
1501	[480, 481, 482, 483, 484, 485, 486]
1502	[35, 36, 37, 38, 39, 40, 41]
1503	[68, 69, 70, 71]
1504	[50, 51, 52, 53, 223, 224, 225, 278, 279, 280]
1505	[180, 181, 182, 183, 184, 185, 186, 389, 390, 391, 392, 393, 482, 483, 484, 485, 486, 487, 562, 563, 564]
1506	[]
1507	[15, 16, 17, 18, 19, 20, 36, 37, 38, 39, 40, 161, 162, 163, 164, 165, 166, 167, 168]
1508	[18, 19, 20, 21, 22]
1509	[12, 13, 14, 15, 16, 17, 18, 19, 114, 115, 116, 117, 118, 119]
1510	[0, 1, 2, 3]
1511	[91, 92, 93, 94, 95, 111, 112, 113, 114, 115, 116, 117, 118]
1512	[153, 154, 155, 776, 777, 778, 779]
1513	[95, 96, 97, 98, 99, 100]
1514	[108, 109, 110, 111, 112, 240, 241, 242, 243, 244]
1515	[39, 40, 41, 42, 43, 44, 45]
1516	[0, 1, 2, 3, 10, 11, 12, 13, 14]
1517	[70, 71, 72, 73, 74]
1518	[397, 398, 399, 400, 401, 402, 425, 426, 427, 428, 429, 430, 431, 432, 433]
1519	[]
1520	[53, 54, 55, 56]
1521	[77, 78, 79, 80, 81, 82, 83, 84, 85, 212, 213, 214, 215, 216, 217, 218]
1522	[]
1523	[18, 19, 20, 21, 22, 23]
1524	[13, 14, 15, 16, 17, 18]
1525	[]
1526	[5, 6, 7, 8, 9, 10, 195, 196, 197, 198, 199, 200]
1527	[0, 1, 2, 3, 4]
1528	[]
1529	[28, 29, 30, 31, 32, 33, 34]
1530	[52, 53, 54, 55, 56]
1531	[68, 69, 70, 71, 193, 194, 195, 196, 197, 198, 297, 298, 299, 300]
1532	[43, 44, 45, 46, 47, 48, 49, 50, 135, 136, 137, 138]
1533	[0, 1, 2, 3]
1534	[238, 239, 240, 241, 242]
1535	[3, 4, 5, 6, 7, 8]
1536	[245, 246, 247, 374, 375, 376, 377, 378, 379, 380, 969, 970, 971, 972]
1537	[31, 32, 33, 34, 35, 36, 46, 47, 48]
1538	[59, 60, 61, 62]
1539	[77, 78, 79, 80, 81]
1540	[]
1541	[0, 1, 2, 3, 4, 5]
1542	[217, 218, 219, 220, 221, 265, 266, 267, 268, 269, 292, 293, 294, 295, 296, 466, 467, 468, 469, 470, 471, 521, 522, 523, 524, 525, 581, 582, 583, 584]
1543	[55, 56, 57, 58]
1544	[66, 67, 68, 69, 70]
1545	[308, 309, 310, 311, 312, 581, 582, 583, 584, 585]
1546	[284, 285, 286, 287, 288, 289]
1547	[73, 74, 75, 76, 77]
1548	[239, 240, 241, 242, 243]
1549	[7, 8, 9, 10, 206, 207, 208, 209, 210]
1550	[46, 47, 48, 49, 50, 140, 141, 142, 143, 144]
1551	[11, 12, 13, 14]
1552	[1, 2, 3, 35, 36, 37, 38, 39]
1553	[21, 22, 23, 24, 25, 26, 27, 116, 117, 118, 119]
1554	[0, 1, 2, 3, 4, 5, 6, 7, 19, 20, 21, 22, 23, 51, 52, 53, 54, 55, 56, 57]
1555	[8, 9, 10, 11, 12, 13, 59, 60, 61]
1556	[62, 63, 64, 65, 66]
1557	[4, 5, 6, 7]
1558	[156, 157, 158, 159, 160, 161, 381, 382, 383, 384, 385]
1559	[22, 23, 24, 25, 26]
1560	[24, 25, 26, 27]
1561	[8, 9, 10, 11, 12, 13, 14, 15]
1562	[249, 250, 251, 252, 308, 309, 310, 441, 442, 443, 444, 445, 446, 447, 529, 530, 531, 532, 770, 771, 772, 773, 774, 775, 776]
1563	[39, 40, 41, 42, 43, 44, 45, 46, 47]
1564	[56, 57, 58, 59, 60, 61]
1565	[16, 17, 18, 19, 33, 34, 35, 36, 37]
1566	[201, 202, 203, 204, 205, 206, 207, 208, 209]
1567	[99, 100, 101, 102, 103, 104]
1568	[5, 6, 7]
1569	[38, 39, 40, 41, 42, 52, 53, 54, 55, 56, 57, 58, 214, 215, 216, 217, 218, 475, 476, 477, 478, 479, 480, 481, 482, 483]
1570	[22, 23, 24, 25, 26]
1571	[14, 121, 122, 123, 124, 125]
1572	[96, 97, 98, 99, 226, 227, 228, 229, 230, 231, 232, 280, 281, 282, 283, 284, 285, 286, 287, 288]
1573	[37, 38, 39, 40, 41, 42, 43, 44, 45, 46, 48, 49, 50]
1574	[85, 86, 87, 88, 89, 90]
1575	[146, 147, 148, 149, 150, 342, 343, 344, 345]
1576	[219, 220, 221, 222, 223, 224, 225, 226, 227, 228, 229, 230, 263, 264, 265, 266, 267, 268, 286, 287, 288, 289, 290, 291, 522, 523, 524]
1577	[]
1578	[40, 41, 42, 43, 44, 45, 46, 48, 49, 50, 51, 52]
1579	[36, 37, 38, 39, 40, 41, 42, 105, 106, 107, 108, 109, 110, 111, 127, 128, 129, 130, 131]
1580	[169, 170, 171, 172, 173]
1581	[4, 5, 6, 7, 8, 9, 107, 108, 109, 110, 111]
1582	[9, 10, 11, 12, 13]
1583	[12, 13, 14, 15, 16, 115, 116, 117, 118, 119, 120, 153, 154, 155, 156, 157, 158]
1584	[10, 11, 12, 13, 14, 15, 16, 17, 18, 563, 564, 565, 566]
1585	[66, 67, 68, 86, 87, 88, 89, 90, 189, 190, 191, 192, 193, 194, 195]
1586	[281, 282, 283, 284, 285, 286, 287]
1587	[4, 5, 6, 7, 8, 9]
1588	[49, 50, 51, 52, 53, 54]
1589	[30, 31, 32, 33]
1590	[82, 83, 84, 85, 86, 87, 88, 89, 113, 114, 115, 116, 117, 118]
1591	[112, 113, 114, 115, 116]
1592	[61, 62, 63, 64, 65, 280, 281, 282, 283, 284, 285, 538, 539, 540, 541, 542, 543, 544]
1593	[50, 51, 52, 53, 54, 55, 173, 174, 175, 176, 177, 178]
1594	[26, 27, 28, 29, 30, 31]
1595	[55, 56, 57, 58, 59, 60]
1596	[34, 35, 36, 37, 38, 122, 123, 124]
1597	[228, 229, 230, 231, 232, 233, 234, 250, 251, 252, 253, 254, 255, 256]
1598	[10, 11, 12, 13, 14, 15, 16, 17, 18, 19, 261, 262, 263, 264, 265, 266]
1599	[78, 79, 80, 81, 82, 83, 84]
1600	[88, 89, 90, 91, 92, 93, 465, 466, 467, 468, 469, 470, 471, 472, 473, 474]
1601	[121, 122, 123, 215, 216, 217, 218, 219, 220]
1602	[466, 467, 468, 469, 470, 808, 809, 810, 811, 812, 813]
1603	[73, 74, 75, 220, 221, 222, 223, 236, 237, 238, 239, 240, 241, 242]
1604	[25, 26, 27, 28, 29, 42, 43, 44, 45, 46, 135, 136, 137, 138, 139, 173, 174, 175]
1605	[16, 17, 18, 79, 80, 81, 82, 83]
1606	[18, 19, 20, 21, 22, 23, 24, 25]
1607	[15, 16, 17, 18, 19, 20]
1608	[81, 82, 83, 84, 85, 86]
1609	[1, 2, 3, 9, 10, 11, 12]
1610	[41, 42, 43, 44, 45, 46, 47, 48, 49]
1611	[62, 63, 64, 65, 66, 67, 68, 70, 71, 72, 73, 74]
1612	[14, 15, 16, 17, 18]
1613	[327, 328, 329, 426, 427, 428, 429, 430, 431, 432, 433, 434, 435]
1614	[25, 26, 27, 60, 61, 62, 63, 64, 65, 66]
1615	[34, 35, 36, 37, 38, 39, 40, 41, 42]
1616	[]
1617	[62, 63, 64, 65, 66]
1618	[96, 97, 98, 99, 100, 101, 102, 104, 105, 106, 107, 108, 109, 110]
1619	[20, 21, 22, 23, 24, 25]
1620	[]
1621	[55, 56, 57, 58, 59, 60]
1622	[10, 11, 12, 13, 14, 15, 16, 17, 18]
1623	[13, 14, 15, 16, 17, 19, 20, 21, 22, 23, 24, 25, 26, 27]
1624	[27, 28, 29, 30, 31, 32, 82, 83, 84, 85]
1625	[61, 62, 63, 64, 65, 66]
1626	[25, 26, 27, 28, 29, 30, 142, 143, 144, 145]
1627	[11, 12, 13, 14, 15, 16, 17, 18, 20, 21, 22, 23, 46, 47, 48, 49, 50, 51, 52, 200, 201, 202, 203, 204, 205, 206, 207, 208]
1628	[31, 32, 33, 34, 35]
1629	[9, 10, 11, 12, 13, 14, 15, 16, 489, 490, 491, 492, 493, 494, 495]
1630	[36, 37, 38, 39, 40, 41, 42, 43, 280, 281, 282, 283, 382, 383, 384, 385, 386, 387, 430, 431, 432]
1631	[7, 8, 9, 10, 11, 13, 14, 15, 16, 17, 18, 19]
1632	[196, 197, 198, 199]
1633	[28, 29, 30, 31]
1634	[19, 20, 21, 22, 115, 116, 117]
1635	[29, 30, 31, 32, 33, 34, 77, 78, 79, 80, 81]
1636	[61, 62, 63, 64, 65, 66]
1637	[14, 15, 16, 17, 18, 19, 20, 34, 35, 36]
1638	[541, 542, 543, 544, 545, 546, 547]
1639	[26, 27, 28, 29, 30]
1640	[62, 63, 64, 65, 66, 101, 102, 103, 104, 105]
1641	[114, 115, 116, 117, 118, 119, 120]
1642	[47, 48, 49, 50, 51]
1643	[31, 32, 33, 34]
1644	[107, 108, 109, 110, 111, 162, 163, 164]
1645	[49, 50, 51, 52, 53, 54]
1646	[89, 90, 91, 312, 313, 314, 315, 316, 317, 318, 319, 320, 321, 328, 329, 330, 718, 719, 720, 721, 722, 723, 724, 725]
1647	[0, 1, 2, 3, 4, 5, 6, 7, 8]
1648	[118, 119, 120, 121, 122, 123]
1649	[64, 65, 66, 67, 68, 69, 70, 71, 73, 74, 75, 76, 77, 78, 79, 80, 81]
1650	[14, 15, 16, 17, 18, 19, 20, 21, 23, 24, 25, 26, 27, 64, 65, 66, 67, 68, 69]
1651	[]
1652	[12, 13, 14, 15, 16]
1653	[16, 17, 18, 19, 20, 21]
1654	[]
1655	[10, 11, 12, 13, 14, 95, 96, 97, 98, 99, 100]
1656	[55, 56, 57, 58]
1657	[106, 107, 108, 109, 110, 111]
1658	[286, 287, 288, 289, 290, 291, 292, 293, 294]
1659	[12, 13, 14, 15, 65, 66, 67]
1660	[40, 41, 42, 43, 44, 45, 46, 47, 49, 50, 51, 52, 53]
1661	[25, 26, 27, 28, 29, 30, 31, 32, 33, 34, 35, 38, 39, 40, 41, 42, 43, 44, 128, 129, 130, 131, 132]
1662	[66, 67, 68]
1663	[57, 58, 59, 60, 61, 62, 63, 64, 66, 67, 68, 69, 70]
1664	[]
1665	[79, 80, 81, 82, 83, 84]
1666	[20, 21, 22, 23, 24, 25, 26, 27, 58, 59, 60, 61, 275, 276, 277, 278, 279, 280, 281, 282, 283]
1667	[187, 188, 189]
1668	[65, 66, 67, 68, 69, 70, 76, 77, 78, 79, 80]
1669	[31, 32, 33, 34, 35, 36, 37, 38, 39]
1670	[69, 70, 71, 72]
1671	[51, 52, 53, 54]
1672	[29, 30, 31, 32, 33, 34, 201, 202, 203, 204, 205]
1673	[12, 13, 14, 15, 16, 17, 18]
1674	[67, 68, 69, 70, 71, 72, 73, 109, 110, 111, 112, 113, 114, 115, 116, 201, 202, 203, 204, 205, 206, 207, 208]
1675	[113, 114, 115, 116, 117]
1676	[163, 164, 165]
1677	[]
1678	[7, 8, 9, 10, 11, 12, 13]
1679	[0, 1, 2, 3, 4]
1680	[62, 63, 64, 65, 66, 192, 193, 194, 195, 196, 197, 198]
1681	[52, 53, 54, 55, 56, 57, 191, 192, 193, 194, 195, 196]
1682	[89, 90, 91, 92, 93, 94]
1683	[271, 272, 273, 274, 275, 276, 277, 279, 280, 281, 282, 283, 284]
1684	[85, 86, 87, 88, 89, 90, 91, 92, 93, 94, 95, 96, 122, 123, 124]
1685	[8, 9, 10, 11, 12]
1686	[]
1687	[301, 302, 303, 304]
1688	[145, 146, 147, 148]
1689	[11, 12, 13, 14, 15, 16, 70, 71, 72, 73]
1690	[137, 138, 139, 140, 141]
1691	[10, 11, 12, 13, 14, 15]
1692	[55, 56, 57, 58, 72, 73, 74, 75]
1693	[51, 52, 53, 54, 55, 56, 57, 58, 70, 71, 72, 73]
1694	[49, 50, 51, 52]
1695	[13, 14, 15, 16, 17, 18, 19, 20, 21]
1696	[100, 101, 102, 103, 104, 105, 107, 108, 109]
1697	[86, 87, 88, 89, 409, 410, 411, 412, 413, 414, 415, 416]
1698	[109, 110, 111, 112, 113, 114, 115, 116, 117]
1699	[65, 66, 67, 68, 69, 70, 71, 72, 73]
1700	[88, 89, 90, 91, 92, 93]
1701	[33, 34, 35, 36, 37, 38]
1702	[17, 18, 19, 20, 21, 22]
1703	[0, 1, 2, 3, 4, 5]
1704	[0, 1, 2, 3, 4]
1705	[0, 1, 2, 3, 4]
1706	[]
1707	[92, 93, 94, 95, 96, 97, 98, 99, 100, 204, 205, 206, 207, 208, 320, 321, 322, 323, 324, 325, 326]
1708	[21, 22, 23, 24, 25]
1709	[54, 55, 56, 57, 58, 59]
1710	[]
1711	[4, 5, 6, 7, 8, 259, 260, 261, 262, 263, 265, 266, 267, 268, 269]
1712	[12, 13, 14, 15, 16, 17, 94, 95, 96, 97, 98, 99, 100, 101, 102]
1713	[139, 140, 141, 142, 259, 260, 261, 262, 263, 264, 265, 266, 267, 268, 281, 282, 283, 284, 285, 286, 287]
1714	[11, 12, 13, 14]
1715	[]
1716	[16, 17, 18, 19]
1717	[236, 237, 238, 239, 240, 419, 420, 421, 422, 423, 424, 425, 451, 452, 453, 454, 455]
1718	[67, 68, 69, 70, 71, 72, 73, 74, 75]
1719	[17, 18, 19, 20, 21, 22, 23, 24, 25]
1720	[]
1721	[]
1722	[229, 230, 231, 232, 233]
1723	[]
1724	[204, 205, 206]
1725	[91, 92, 93, 94, 95, 96]
1726	[51, 52, 53, 54]
1727	[]
1728	[11, 12, 13, 14, 15]
1729	[26, 27, 28, 29, 30, 31]
1730	[]
1731	[0, 1, 2, 3, 4, 5, 48, 49, 50, 51, 52, 53, 54, 55]
1732	[244, 245, 246, 247, 248, 956, 957, 958, 959]
1733	[26, 27, 28, 29, 30, 31, 32, 33, 35, 36, 37, 38, 39, 41, 42, 43, 44, 45]
1734	[44, 45, 46, 47, 48, 49]
1735	[22, 23, 24, 25]
1736	[0, 1, 2, 3]
1737	[214, 215, 216, 217, 218, 219, 220]
1738	[]
1739	[41, 42, 43, 44, 45, 46]
1740	[7, 8, 9, 10, 11, 12, 13, 14, 15]
1741	[109, 110, 111, 112, 113, 114]
1742	[195, 196, 197, 198, 199, 200, 341, 342, 343, 344, 345, 346, 347, 348, 349]
1743	[39, 40, 41, 42, 43, 44]
1744	[11, 12, 13, 14, 15, 16]
1745	[42, 43, 44, 45, 46, 47, 48]
1746	[]
1747	[21, 22, 23, 24, 25, 26, 27]
1748	[7, 8, 9, 10, 11, 12]
1749	[5, 6, 7, 8, 9, 184, 185, 186, 187, 188, 189, 190, 230, 231, 232, 233, 234, 235, 236, 237]
1750	[21, 22, 23, 24, 25, 26, 254, 255, 256, 257]
1751	[4, 5, 6, 7]
1752	[24, 25, 26, 27, 28, 29]
1753	[221, 222, 223, 224, 225, 226, 227, 483, 484, 485, 486, 566, 567, 568, 641, 642, 643, 644, 645]
1754	[36, 37, 38, 39, 669, 670, 671, 672, 673, 875, 876, 877, 878, 879, 880, 886, 887, 888, 889]
1755	[197, 198, 199, 200, 227, 228, 229, 230, 231, 258, 259, 260, 261, 262, 292, 293, 294, 295, 296, 297, 298, 299, 300, 301, 327, 328, 329, 445, 446, 447, 448, 560, 561, 562, 563, 564]
1756	[29, 30, 31]
1757	[13, 14, 15, 16, 17, 18, 19]
1758	[51, 52, 53, 54, 55, 56, 57]
1759	[21, 22, 23, 24, 25, 26]
1760	[57, 58, 59, 60, 61]
1761	[73, 74, 75, 76]
1762	[107, 108, 109, 110]
1763	[142, 143, 144, 145, 146, 147, 148]
1764	[4, 5, 6, 7, 8, 9, 27, 28, 29, 30, 31, 32, 33]
1765	[85, 86, 87, 88, 89, 90, 91, 92, 93]
1766	[73, 74, 75, 76, 77, 78, 557, 558, 559, 560, 561, 562, 563, 564]
1767	[138, 139, 140, 141, 150, 151, 152, 153, 154]
1768	[7, 8, 9, 10]
1769	[36, 37, 38, 39]
1770	[19, 20, 21, 22, 23, 24]
1771	[29, 30, 31, 32, 33, 34, 35, 36]
1772	[]
1773	[11, 12, 13, 14, 15, 16, 17, 18, 19, 20]
1774	[6, 7, 8, 9, 10, 11]
1775	[46, 47, 48, 49, 50, 51, 52, 110, 111, 112, 113, 114, 115, 116, 117]
1776	[0, 1, 2, 3, 4, 5]
1777	[15, 16, 17, 18, 19, 20]
1778	[24, 25, 26, 27, 28]
1779	[]
1780	[219, 220, 221, 222, 223]
1781	[102, 103, 104, 105, 106, 107, 108, 109, 110, 144, 145, 146, 154, 155, 156, 157, 158, 159, 160, 161]
1782	[129, 130, 131, 132, 133, 134]
1783	[20, 21, 22, 23, 24, 25]
1784	[66, 67, 68, 69, 70]
1785	[11, 12, 13, 14, 15, 17, 18, 19, 20, 21, 22, 23, 146, 147, 148, 149, 150, 151, 152]
1786	[36, 37, 38, 39, 40, 41, 42]
1787	[0, 1, 2, 3]
1788	[60, 61, 62, 63, 64, 65, 567, 568, 569, 685, 686, 687, 688, 689, 690, 691, 692]
1789	[32, 33, 34, 35, 36, 37]
1790	[62, 63, 64, 65, 66, 67, 68, 69]
1791	[109, 110, 111, 112, 113, 114]
1792	[15, 16, 17, 18, 175, 176, 177]
1793	[14, 15, 16, 17, 18]
1794	[94, 95, 96, 97, 241, 242, 243, 244, 245, 246]
1795	[31, 32, 33, 34, 35, 36, 37]
1796	[207, 208, 209, 210, 211, 212, 213, 214]
1797	[26, 27, 28, 29, 30, 31, 32, 33, 34, 35]
1798	[48, 49, 50, 51, 52]
1799	[124, 125, 126, 233, 234, 235, 236]
1800	[49, 50, 51, 52, 53]
1801	[9, 10, 11, 12, 13, 14, 15, 87, 88, 89, 90]
1802	[60, 61, 62, 63, 64]
1803	[157, 158, 159, 160, 161, 162]
1804	[49, 50, 51, 52, 53, 54]
1805	[0, 1, 2, 3, 4, 5]
1806	[15, 16, 17, 18, 115, 116, 117, 118]
1807	[139, 140, 141, 142, 143, 245, 246, 247]
1808	[35, 36, 37, 38, 39, 40]
1809	[0, 1, 2, 3, 4, 5]
1810	[35, 36, 37, 38, 53, 54, 55, 56]
1811	[12, 13, 14, 15]
1812	[23, 24, 25, 26, 27, 28]
1813	[57, 58, 59, 60]
1814	[11, 12, 13, 14, 15, 16]
1815	[28, 29, 30, 31, 32, 33]
1816	[29, 30, 31, 32, 392, 393, 394, 395, 396, 397, 398, 399, 400]
1817	[33, 34, 35, 36, 37]
1818	[144, 145, 146, 308, 309, 310]
1819	[7, 8, 9, 10, 11]
1820	[58, 59, 60, 61, 106, 107, 108, 109, 110, 111, 112, 113, 114, 115]
1821	[8, 9, 10, 11, 142, 143, 144, 145]
1822	[12, 13, 14, 15, 16, 48, 49, 50, 51, 52, 53]
1823	[204, 205, 206, 207, 208, 209]
1824	[132, 133, 134, 135, 136, 137, 140, 141, 142, 143]
1825	[]
1826	[8, 9, 10, 11, 12]
1827	[12, 13, 14, 15, 47, 48, 49, 50, 51]
1828	[]
1829	[31, 32, 33, 34, 35, 36]
1830	[136, 137, 138, 139, 140, 141]
1831	[10, 11, 12, 13, 14, 15, 16, 17]
1832	[87, 88, 89]
1833	[247, 248, 249, 417, 418, 419, 420, 421, 422]
1834	[67, 68, 69, 70, 71, 72]
1835	[13, 14, 15, 16, 17, 19, 20, 21]
1836	[14, 15, 16, 17, 18, 19, 87, 88, 89]
1837	[148, 149, 150, 151, 152, 153]
1838	[206, 207, 208, 209, 210]
1839	[45, 46, 47, 48, 49, 136, 137, 138, 139, 140, 141, 142, 143, 144]
1840	[31, 32, 33, 34, 35, 36]
1841	[]
1842	[48, 49, 50, 51, 52, 53, 54, 55, 56]
1843	[]
1844	[12, 13, 14, 15, 16, 17, 174, 175, 176, 177, 178, 179, 180, 181, 243, 244, 245, 246, 247, 248, 249, 371, 372, 373, 374, 375, 376, 377, 378]
1845	[]
1846	[15, 16, 17, 18, 19, 20]
1847	[73, 74, 75, 96, 97, 98, 99, 100, 101, 102]
1848	[34, 35, 36, 37, 38]
1849	[111, 112, 113, 634, 635, 636, 637, 638, 639]
1850	[248, 249, 250, 251, 252, 253, 254, 255, 256]
1851	[61, 62, 63, 270, 271, 272, 273, 274, 275]
1852	[23, 24, 25, 26, 27, 53, 54, 55, 56]
1853	[23, 24, 25, 26, 27, 28, 29, 30, 32, 33, 34, 35, 36]
1854	[8, 9, 10, 11, 12, 13]
1855	[2, 3, 4, 14, 15, 16, 17, 18, 19, 20, 21, 22, 23]
1856	[97, 98, 99, 100, 101, 102, 103, 106, 107, 108, 109, 110, 111, 114, 115, 116, 117, 118, 119, 120, 121, 123, 124, 125, 126, 127]
1857	[8, 9, 10, 11, 12, 132, 133, 134, 135]
1858	[28, 29, 30, 31, 32]
1859	[]
1860	[42, 43, 44, 45, 46, 47, 48, 49, 50, 180, 181, 182, 183, 184, 185, 186, 187]
1861	[9, 10, 11, 12, 21, 22, 23, 24, 59, 60, 61, 62, 63]
1862	[47, 48, 49, 50, 51, 52, 58, 59, 60, 61, 62, 63, 64, 65]
1863	[59, 60, 61, 62, 63, 64, 66, 67, 68, 96, 97, 98, 99]
1864	[31, 32, 33, 34, 35]
1865	[35, 36, 37, 38, 39, 40, 41, 42, 43, 44, 55, 56, 57, 58, 59, 60, 61, 62, 63, 241, 242, 243, 248]
1866	[2, 3, 4, 5]
1867	[14, 15, 16, 17, 18, 19, 20, 21]
1868	[87, 88, 89, 90, 91, 92]
1869	[412, 413, 414, 444, 445, 446, 447, 448, 449]
1870	[0, 1, 2, 3, 4]
1871	[79, 80, 81, 82, 83, 84, 85, 86, 87, 153, 154, 155, 156, 157, 158, 159, 160]
1872	[17, 18, 19, 20, 21]
1873	[57, 58, 59, 60, 61, 62]
1874	[345, 346, 347, 348, 349]
1875	[31, 32, 33, 34, 35]
1876	[5, 6, 7, 8, 9, 10, 11, 12]
1877	[12, 13, 14, 15]
1878	[144, 145, 146, 147, 148, 149, 150, 151, 152, 153, 154, 155]
1879	[]
1880	[26, 27, 28]
1881	[39, 40, 41, 42, 43]
1882	[142, 143, 144, 145, 146]
1883	[]
1884	[44, 45, 46, 47, 48, 49]
1885	[31, 32, 33, 56, 57, 58, 59]
1886	[234, 235, 236, 237, 238, 239]
1887	[66, 67, 68, 69, 93, 94, 95]
1888	[27, 28, 29, 30]
1889	[134, 135, 136, 392, 393, 394, 395, 396, 397, 398]
1890	[8, 9, 10, 11]
1891	[9, 10, 11, 12, 13, 160, 161, 162, 163, 164, 165]
1892	[83, 84, 85]
1893	[33, 34, 35, 36, 37, 38]
1894	[348, 349, 350, 351, 352, 353]
1895	[282, 283, 284, 285]
1896	[72, 73, 74, 83, 84, 85, 86]
1897	[0, 1, 2, 3, 4, 5]
1898	[41, 42, 43, 44, 45, 46]
1899	[322, 323, 324, 325, 596, 597, 598]
1900	[55, 56, 57, 58]
1901	[45, 46, 47, 48, 102, 103, 104, 105, 106, 107]
1902	[4, 5, 6, 7, 8, 9, 10, 11]
1903	[221, 222, 223, 224, 225, 226, 227, 228]
1904	[8, 9, 10, 11, 12]
1905	[28, 29, 30, 31, 32, 33]
1906	[72, 73, 74, 75, 76, 77, 78, 79, 80, 81, 82, 84, 85, 86, 87, 88, 89]
1907	[253, 254, 255]
1908	[11, 12, 13, 14, 15]
1909	[]
1910	[81, 82, 83, 84, 85, 86, 87, 88]
1911	[66, 67, 68, 69, 70]
1912	[39, 40, 41, 42]
1913	[101, 102, 103, 104, 105, 106, 107, 108]
1914	[320, 321, 322, 323, 331, 332, 333, 334, 335]
1915	[67, 68, 69, 70, 71]
1916	[5, 6, 7, 8, 9, 10, 11, 12]
1917	[41, 42, 43, 44, 45, 46, 47, 48, 49]
1918	[4, 5, 6, 7, 8, 9]
1919	[98, 99, 100, 101, 102, 123, 124, 125, 126, 127, 128, 130, 131, 132, 133, 134, 135, 136, 137]
1920	[75, 76, 77, 78, 79]
1921	[40, 41, 42, 43, 44, 45, 172, 173, 174]
1922	[30, 31, 32, 33]
1923	[31, 32, 33, 34, 35, 74, 75, 76, 77, 78]
1924	[130, 131, 132, 133, 134]
1925	[]
1926	[48, 49, 50, 51, 52]
1927	[]
1928	[27, 28, 29, 30, 31, 32, 33]
1929	[13, 14, 15, 16, 17, 18, 19, 20, 21, 22, 23, 25, 26, 27, 28, 29, 30, 31, 45, 46, 47, 48]
1930	[51, 52, 53, 54, 55, 56, 58, 59, 60, 61, 62, 63, 64, 65]
1931	[34, 35, 36]
1932	[15, 16, 17, 18, 19]
1933	[147, 148, 149, 150, 151, 153, 154, 155, 156, 157, 158, 160, 161, 162, 163, 164]
1934	[19, 20, 21, 22]
1935	[13, 14, 15, 16, 17, 18, 19]
1936	[]
1937	[68, 69, 70, 71, 72, 73]
1938	[0, 1, 2, 3, 4, 5, 6, 19, 20, 21, 22, 23]
1939	[29, 30, 31, 32, 33, 34]
1940	[26, 27, 28, 29, 30]
1941	[15, 16, 17, 336, 337, 338, 339, 340, 341]
1942	[21, 22, 23, 24, 25, 26, 27, 28, 29]
1943	[6, 7, 8, 9, 129, 130, 131, 132, 133, 134, 135, 136, 137, 138]
1944	[106, 107, 108, 109]
1945	[22, 23, 24]
1946	[23, 24, 25, 26, 27, 33, 34, 35, 36, 37]
1947	[132, 133, 134, 135, 158, 159, 160, 161, 162, 292, 293, 294, 295, 296, 307, 308, 309, 310, 315, 316, 317, 318, 319, 320, 321, 322, 323, 324, 325, 326, 327]
1948	[89, 90, 91, 92, 93, 94]
1949	[8, 9, 10, 11, 12]
1950	[22, 23, 24, 25, 26, 27, 28, 29]
1951	[]
1952	[59, 60, 61, 62, 82, 83, 84, 85]
1953	[]
1954	[0, 1, 2, 3, 4]
1955	[185, 186, 187, 188, 189, 190]
1956	[28, 29, 30, 31, 32, 33]
1957	[]
1958	[78, 79, 80, 81]
1959	[20, 21, 22, 23, 24, 25, 26]
1960	[49, 50, 51, 52, 53, 54]
1961	[28, 29, 30, 31, 32, 38, 39, 40]
1962	[28, 29, 30, 31, 32, 33]
1963	[379, 380, 381, 382, 389, 390, 391, 392, 393, 394, 395, 396, 397, 398, 399, 400, 401, 629, 630, 631, 632, 633, 814, 815, 816, 817, 818, 819, 820, 821, 822, 823, 824]
1964	[23, 24, 25, 26, 27, 28, 29, 30, 31]
1965	[162, 163, 164, 165, 166, 167, 168, 169]
1966	[157, 158, 159, 160, 161, 162, 163, 164, 165, 166, 192, 193, 194, 195, 295, 296, 297, 298]
1967	[145, 146, 147, 148, 149, 150, 151, 152, 153]
1968	[17, 18, 19, 20, 21, 104, 105, 106, 107]
1969	[8, 9, 10, 11, 12, 13, 14]
1970	[54, 55, 56, 57, 58, 59, 60, 61, 62, 63, 65, 66, 67, 68, 69]
1971	[]
1972	[27, 28, 29, 30, 31, 32, 170, 171, 172, 173, 174, 175, 176]
1973	[110, 111, 112, 124, 125, 126, 127, 135, 136, 137, 138, 139, 140, 141, 142, 143]
1974	[]
1975	[70, 71, 72, 73, 74]
1976	[140, 141, 142, 143, 144, 145, 146, 147]
1977	[162, 163, 164, 165, 166, 167]
1978	[180, 181, 182, 183, 184, 185, 186, 187, 188, 189, 349, 350, 351, 352, 353, 582, 583, 584, 585]
1979	[]
1980	[8, 9, 10, 11, 12, 263, 264, 265]
1981	[]
1982	[0, 1, 2, 3, 4, 5]
1983	[41, 42, 43, 44, 45, 46]
1984	[43, 44, 45, 46]
1985	[12, 13, 14, 15, 16, 17, 18, 19, 32, 33, 34, 35]
1986	[0, 1, 2, 3, 4, 5, 6]
1987	[52, 53, 54, 55, 56, 57]
1988	[105, 106, 107, 108, 109, 110, 111, 112, 113, 114, 116, 117, 118, 119, 161, 162, 163, 164, 165, 166]
1989	[78, 79, 80, 81]
1990	[13, 14, 15, 16, 17, 18, 19, 20, 21]
1991	[90, 91, 92, 93, 94]
1992	[76, 77, 78, 79]
1993	[52, 53, 54, 55, 56, 57, 58, 59, 60]
1994	[30, 31, 32, 33, 34, 35]
1995	[4, 5, 6, 7, 8, 70, 71, 72, 73, 74, 75, 76, 77]
1996	[23, 24, 25, 26, 27]
1997	[157, 158, 159, 160, 161, 162, 163, 164, 165, 166]
1998	[]
1999	[637, 638, 639, 640, 641, 642, 643, 644, 828, 829, 830, 831]
