0	[118, 119, 120, 121, 122, 123]
1	[0, 7, 8, 9, 10, 11, 12, 81, 82, 83, 84, 85, 86]
2	[483, 484, 485, 486, 487, 488, 489, 490, 492, 493, 494, 495, 496, 497]
3	[103, 162, 163, 164, 413, 414, 415, 416, 417, 418, 419, 420, 432, 433, 434, 435, 456, 457, 458, 459, 460, 461]
4	[182, 183, 184, 185, 334, 453, 454, 455, 456, 457]
5	[98, 99, 100, 101, 102, 129, 130, 131, 132, 133, 134]
6	[28, 29, 30, 31]
7	[55, 56, 57, 58, 59, 60, 61, 62, 124, 125, 126, 127, 128, 129, 176, 177, 178, 179]
8	[37, 38, 39, 40, 41, 134, 135, 136, 137, 204, 205, 206, 207, 208, 321, 322, 323, 324, 325, 326]
9	[94, 95, 96, 97]
10	[17, 18, 19, 20, 21, 22, 23, 24, 26, 27, 28, 29, 30]
11	[0, 1, 2, 3, 4, 6, 7, 8, 9, 10]
12	[]
13	[166, 167, 168, 201, 202, 203, 204, 205, 206, 207, 208, 209, 210]
14	[]
15	[134, 135, 136, 137, 138, 139, 144, 145, 146]
16	[22, 23, 24, 25, 26]
17	[12, 13, 14, 15, 16]
18	[2, 3, 4, 5]
19	[47, 48, 49, 133, 134, 135, 136, 232, 233, 234]
20	[]
21	[0, 1, 2, 3, 4, 6]
22	[]
23	[19, 20, 21]
24	[15, 16, 17, 226, 227, 228, 229, 230, 238, 239, 240, 241, 242, 304, 305, 306, 307, 360, 361, 362, 363, 364, 365]
25	[13, 14, 15, 16, 17, 18, 19, 20, 21, 80, 81, 82, 83, 84]
26	[22, 23, 24, 25]
27	[]
28	[13, 14, 15, 16, 17]
29	[41, 42, 43, 44, 50, 51, 52, 53, 54, 82, 175, 176, 177, 178, 179, 180, 197, 198, 199, 200]
30	[173, 174, 175, 176, 180, 181, 182, 183]
31	[57, 58, 59, 60, 61, 62, 63, 64]
32	[17, 18, 19, 20, 21, 22, 23, 24, 25, 26]
33	[8, 9, 10, 11, 12]
34	[28, 29, 30, 31, 32, 33, 34, 35, 44, 45, 46, 47, 48]
35	[18, 19, 20, 21, 22, 23]
36	[12, 13, 14, 15, 16]
37	[20, 21, 22, 23, 24, 25, 26, 27]
38	[23, 24, 25, 26, 27]
39	[94, 95, 96, 97]
40	[12, 13, 14, 15, 89, 90, 91]
41	[40, 41, 42, 43, 157, 158, 159, 160, 216, 217, 218, 219, 220, 221, 222, 223]
42	[0, 1, 2, 3, 4, 5, 49, 50, 51, 52, 53, 54]
43	[0, 1, 2, 3]
44	[14, 15, 16, 17, 18, 19, 20, 21, 27, 28, 29, 30, 31]
45	[14, 118, 119, 120, 121, 122]
46	[41, 42, 43, 44, 45]
47	[47, 48, 49, 50, 51, 52, 53, 54, 219, 220, 221]
48	[5, 6, 7, 8, 9, 10]
49	[36, 37, 38, 39, 40, 41, 50, 51, 52, 53, 306, 307, 308, 309, 311, 312, 313, 323, 324, 325, 644, 645, 646, 647, 648, 649, 650, 651, 652, 653]
50	[5, 6, 7, 8, 9, 10, 11]
51	[7, 8, 9, 10]
52	[14, 15, 16, 17, 18, 45, 46, 47, 48, 49]
53	[0, 81, 82, 83, 84, 85]
54	[0, 1, 2, 3, 4, 5, 44, 45, 46, 47, 48]
55	[36, 37, 38, 39, 40, 41, 42, 43, 44, 45]
56	[34, 35, 36, 37, 661, 662, 663, 664, 699, 700, 701, 702, 703, 704]
57	[]
58	[218, 219, 220]
59	[21, 22, 23, 24, 25, 26]
60	[0, 1, 2, 3, 4]
61	[30, 31, 32, 33, 34, 35, 36, 37, 84, 85, 86, 99, 100, 101, 102, 103, 104, 339, 340, 341, 342, 343, 360, 361, 362, 363, 364, 365, 366, 367, 368, 414, 415, 416]
62	[53, 54, 55, 56, 57, 66, 67, 68, 69]
63	[82, 83, 84, 85, 86, 87, 93, 94, 95]
64	[0, 1, 2, 3, 4]
65	[36, 37, 38, 39, 40, 55, 56, 57, 58]
66	[35, 36, 37, 38, 39]
67	[75, 76, 77, 78]
68	[21, 22, 23, 24, 25]
69	[35, 36, 37, 38, 39, 40, 41, 42, 43, 44]
70	[79, 80, 81, 162, 163, 164, 165, 166, 213, 214, 215]
71	[135, 764, 765, 766, 767, 768, 769, 772, 773, 774, 775, 781, 782, 783, 784, 785, 786]
72	[39, 40, 41, 42, 43, 55, 56, 57, 58, 59, 60]
73	[50, 51, 52, 83, 84, 85, 86]
74	[7, 8, 9, 10, 11, 12]
75	[3, 55, 56, 57, 190, 191, 192, 193, 194, 195, 240, 241, 242, 243, 244, 245, 280, 281, 282]
76	[92, 93, 94, 95]
77	[77, 78, 79, 80, 82, 83, 84, 85, 96, 97, 98, 99, 100]
78	[14, 15, 16, 17, 18, 19, 32, 33, 34, 35, 36, 37, 102, 103, 104, 105, 106, 107]
79	[21, 22, 23, 24, 25, 26, 27, 28, 32, 33, 34, 35, 175, 176, 177, 178, 179, 180, 181]
80	[34, 35, 36, 37]
81	[0, 1, 2, 3, 4, 11, 12, 13]
82	[5, 6, 7, 8, 9, 10, 22, 57, 58, 59, 60, 61, 62, 275, 276, 277, 278, 279, 372, 373, 374]
83	[28, 29, 30, 31, 32, 33, 39, 40, 41, 42, 43, 44, 45]
84	[34, 114, 115, 116, 117, 118, 119]
85	[23, 24, 25, 26, 27, 101, 102, 103, 104, 105, 106, 107, 108, 110, 111, 112, 113, 114, 134, 135, 136, 137, 138, 139, 140, 141, 142, 159, 160, 161, 162]
86	[14, 44, 45, 46, 47, 48, 49, 50, 51, 52, 53, 54, 174, 175, 176, 177, 300, 301, 302, 303, 304]
87	[0, 1, 2, 3, 4, 5, 6]
88	[0, 1, 2, 3, 4, 11, 12, 13, 14, 15, 23, 24, 25, 26, 27, 45, 46, 47]
89	[28, 29, 30, 31, 32, 33, 64, 65, 66]
90	[11, 12, 13, 14, 15, 163, 164, 165, 166]
91	[20, 21, 22, 23, 24, 25, 68]
92	[14, 15, 16, 17, 18, 19, 34, 35, 36, 37, 38, 39]
93	[104, 105, 106, 107, 108, 109]
94	[240, 241, 242, 286, 287, 288, 289, 316, 317, 318, 319]
95	[14, 15, 16, 17, 18]
96	[109, 110, 111, 336, 337, 338, 339, 340, 341]
97	[17, 18, 19, 20, 45, 46, 47, 48, 49, 50]
98	[15, 16, 17, 18, 19, 38, 39, 40, 41, 103, 104, 105, 106, 107, 108]
99	[0, 1, 2, 3]
100	[0, 1, 2, 3, 4, 5]
101	[12, 13, 14, 15, 16, 17, 18, 19, 20, 21]
102	[0, 1, 2, 3, 4, 5]
103	[0, 1, 2, 3, 4, 89, 90, 91, 92]
104	[]
105	[0, 1, 2, 3, 4, 5, 6, 7, 22, 23, 24, 25]
106	[57, 58, 59, 60, 61, 107, 108, 109, 110, 111, 112, 113]
107	[209, 210, 211, 212, 391, 392, 393, 394, 395]
108	[32, 33, 34, 35, 36, 37, 38]
109	[53, 54, 55, 56, 57, 58]
110	[20, 21, 22]
111	[74, 75, 76, 77, 78, 95, 96, 97, 98, 99, 100, 101, 102]
112	[0, 1, 2, 3, 4, 5]
113	[33, 34, 35, 36, 79, 80, 81, 82]
114	[]
115	[]
116	[91, 92, 93, 94, 95, 96, 97, 98, 99, 101, 102, 103, 326, 327, 328, 329, 360, 361, 362, 363, 364, 365]
117	[]
118	[76, 77, 78, 79, 80, 81, 88, 89, 90, 91, 92, 171, 172, 173, 174, 175, 176]
119	[19, 20, 21, 22, 23, 24, 25, 26, 61, 62, 63, 64, 65, 77, 78, 79, 80, 81]
120	[13, 14, 15, 16, 17]
121	[0, 1, 2, 3, 4, 5, 24, 25, 26, 27, 28, 29, 30, 164, 165, 166, 222]
122	[9, 10, 11, 13, 14, 15, 16, 17, 37, 38, 39, 40, 41, 42, 58, 59, 60, 85, 86, 87, 88, 370, 371, 372, 373, 374, 375]
123	[140, 141, 142, 218, 219, 220, 221, 222, 233, 234, 235, 236]
124	[20, 21, 22, 104, 105, 106, 107, 108, 109, 114, 115, 116, 117, 118, 119]
125	[25, 26, 27, 28]
126	[19, 20, 21, 22, 23, 24, 25]
127	[18, 19, 20, 21]
128	[7, 8, 9, 10, 11, 12, 13, 14, 32, 33, 34, 35, 36]
129	[]
130	[21, 22, 23, 24]
131	[5, 6, 7, 8, 9, 11, 12, 13, 14]
132	[15, 16, 17, 18, 19]
133	[26, 27, 28, 29, 30, 31, 37, 38, 39, 40, 108, 109, 110, 111, 112, 113]
134	[12, 13, 14, 15, 16, 17, 18, 19, 20, 22, 23, 24, 25]
135	[71, 72, 73, 74, 75, 76, 77]
136	[166, 167, 168, 169, 170, 171, 344, 345, 346, 347, 348, 363, 364, 365, 473, 474, 475, 476, 477]
137	[20, 21, 22, 23, 24, 25, 26, 27, 28]
138	[107, 115, 116, 117, 118, 119, 120]
139	[12, 13, 14, 15, 16, 73, 74, 75, 76, 81, 82, 83, 112, 113, 114]
140	[0, 9, 10, 11, 12, 13, 17, 18, 19, 20, 21, 101, 102, 103]
141	[105, 106, 107, 108, 109, 110]
142	[0, 48, 49, 50, 51, 52, 53]
143	[134, 135, 136, 137, 138, 270, 423, 424, 425, 470, 471, 472, 473, 474, 475, 476, 477]
144	[21, 22, 23, 24]
145	[23, 24, 25, 26, 27, 67, 68, 69, 70]
146	[520, 521, 522, 523, 524, 525, 526, 528, 529, 530, 531]
147	[34, 142, 143, 144, 145, 146, 147]
148	[5, 6, 7, 8, 9, 66, 67, 68, 69, 70, 71]
149	[16, 17, 18, 19, 20, 21]
150	[39, 40, 41, 42, 43]
151	[0, 1, 2, 3, 4, 20, 21, 22, 23, 24]
152	[7, 8, 9, 10, 11, 12, 13, 14, 15, 16]
153	[0, 1, 2, 3, 4, 5]
154	[208, 209, 210, 211, 212, 213]
155	[27, 28, 29, 30, 31]
156	[70, 71, 72, 73, 74, 75]
157	[17, 18, 19, 20, 21, 22, 23, 24, 25, 26, 114, 127, 128, 129, 130, 131, 132]
158	[38, 39, 40, 41, 42, 43]
159	[10, 11, 12, 13, 14]
160	[39, 40, 41, 42, 45, 46, 47, 48, 148, 149, 150, 151, 152, 153, 154, 155, 156, 157, 193, 194, 195, 413, 414, 415, 416, 417]
161	[121, 122, 123, 124, 125, 126, 127, 128, 130, 131, 132, 133]
162	[198, 199, 200, 201, 202, 203]
163	[22, 23, 24, 25, 26, 27]
164	[38, 39, 40, 41, 42, 43, 44, 45, 46]
165	[26, 27, 28, 29, 30]
166	[20, 21, 22, 23, 24, 25]
167	[28, 29, 30, 31, 49, 50, 51, 52, 216]
168	[22, 23, 24, 25, 26, 27]
169	[0, 1, 2, 3, 4]
170	[7, 8, 9, 10, 11, 12]
171	[81, 82, 83, 84]
172	[24, 25, 26, 27, 28, 29]
173	[48, 49, 50, 51, 52, 53, 198, 199, 200, 202, 203, 204, 205, 206, 276, 277, 278, 279]
174	[33, 34, 35, 36, 186, 187, 188, 189, 190, 191, 192, 193, 194]
175	[19, 20, 21, 22, 23, 41, 42, 43, 44]
176	[44, 45, 46, 47, 48, 79, 80, 81, 82, 83, 84, 126, 127, 128, 163, 164, 165, 166]
177	[8, 9, 10, 11, 12]
178	[39, 40, 41, 42, 43, 44, 123, 124, 125, 126, 127, 128]
179	[5, 6, 7, 8, 9, 10, 22]
180	[64, 65, 66, 67]
181	[24, 25, 26, 27, 28, 29]
182	[14, 15, 16, 17]
183	[133, 134, 135, 136]
184	[]
185	[8, 9, 10, 11, 12, 13]
186	[6, 188, 189, 190, 301, 302, 303, 304, 305, 306, 307, 398, 399, 400, 401, 402]
187	[5, 6, 7, 8, 9]
188	[278, 279, 280, 281, 282, 283, 284, 285]
189	[0, 29, 30, 31, 32, 33, 34, 35, 36]
190	[5, 6, 7, 8, 9, 17, 18, 19, 20, 21, 87, 88, 89, 90]
191	[20, 21, 22, 23, 24, 81, 82, 83]
192	[80, 81, 82, 83]
193	[32, 33, 34, 35, 197, 198, 199, 200, 201, 202, 203, 204, 205]
194	[8, 9, 10, 11, 12, 13, 14, 15, 16, 393, 394, 395, 407, 408, 409, 410, 411, 412, 413, 414, 415]
195	[25, 26, 27, 28, 29, 30, 73, 74, 75, 76, 221, 222, 223]
196	[0, 1, 2, 3, 4]
197	[9, 10, 11, 12]
198	[22, 23, 24, 25, 76, 77, 78, 79, 80, 81, 98, 99, 100, 101, 102, 103]
199	[54, 55, 56, 57, 58, 59, 268, 269, 270, 271, 272, 273, 274]
200	[49, 50, 51, 52, 53, 60, 61, 62]
201	[]
202	[122, 123, 124]
203	[51, 52, 53, 192, 193, 194, 195, 196, 197, 198]
204	[100, 101, 102, 103, 104, 105, 106, 107, 108]
205	[]
206	[47, 48, 49, 50, 51, 52, 83, 84, 85, 86, 87, 88, 89, 90, 91]
207	[25, 26, 27, 28, 29]
208	[54, 55, 56, 57, 58, 299, 300, 301]
209	[18, 62, 63, 64, 170, 171, 172, 350, 351, 352, 353, 354, 355, 485, 486, 487, 488, 489]
210	[67, 68, 69, 70, 71, 72, 73, 74, 75]
211	[12, 13, 14, 15]
212	[10, 11, 12, 13, 14, 15, 21, 22, 23, 24, 25, 26, 49, 50, 51, 52, 53]
213	[17, 18, 19, 20, 21, 22, 23]
214	[126, 127, 128, 129, 130]
215	[10, 11, 12, 13, 14, 15, 41, 42, 43, 44, 45, 46]
216	[2, 3, 4, 5, 6]
217	[87, 88, 89, 90, 91, 92]
218	[]
219	[25, 26, 27, 28, 351, 352, 353, 354, 355, 496, 497, 498, 499]
220	[234, 235, 236, 237, 238, 239, 536, 537, 538, 539, 540, 541]
221	[33, 34, 35, 330, 331, 332, 333]
222	[]
223	[0, 1, 2, 3, 4, 5]
224	[]
225	[155, 156, 157, 158]
226	[8, 9, 10, 11, 12, 24, 25, 26, 89, 90, 91, 92, 217, 218, 219, 220, 221, 222, 324, 519, 520, 521, 522, 523, 524, 525, 586, 587, 588, 589, 590, 591]
227	[25, 26, 27, 28]
228	[9, 10, 11, 12, 13, 14]
229	[121, 122, 123, 124, 125]
230	[21, 22, 23, 24, 25, 26, 53, 54, 55, 56, 57, 58, 69, 70, 71, 72]
231	[125, 126, 127, 128, 129]
232	[8, 9, 10, 11, 12, 31, 32, 33]
233	[0, 28, 29, 30, 31, 32, 48, 49, 50, 51, 52, 53, 148, 149, 150, 226, 227, 228, 229, 230]
234	[14, 15, 16]
235	[0, 37, 38, 39, 40, 41]
236	[107, 108, 109, 110]
237	[27, 28, 29, 30, 31, 32, 33, 34, 268, 269, 270, 271, 272, 273]
238	[53, 54, 55, 56, 57, 58, 85, 86, 87, 88, 89, 90, 91, 92, 93, 94]
239	[128, 129, 130, 131, 132, 133, 187, 188, 189, 190, 191, 192, 248, 249, 250, 251, 252, 253, 254, 255]
240	[0, 1, 2, 3]
241	[49, 50, 51, 52, 53, 54, 88, 89, 90, 91, 98, 99, 100, 101, 102]
242	[20, 21, 22, 23, 24, 25, 27, 28, 29, 30, 31, 32, 33]
243	[12, 13, 14, 15, 16, 17, 18, 19, 20]
244	[]
245	[79, 80, 81, 82, 83, 84]
246	[82, 83, 84, 85, 86, 87, 89, 90, 91, 92, 93, 94]
247	[104, 157, 158, 159, 160, 161, 162, 163, 164, 165, 166]
248	[163, 164, 165, 166, 167, 168, 169, 170, 171, 172]
249	[0, 1, 2, 3, 4, 83, 84, 85, 86, 87, 222, 398, 399, 400, 401, 402, 403, 440, 441, 442, 443, 444, 445]
250	[5, 6, 7, 8, 9, 10, 11, 144, 145, 146, 147]
251	[48, 49, 50, 51, 52, 53]
252	[24, 25, 26, 27, 28, 44, 45, 46, 47, 48, 106, 107, 108, 154, 155, 156, 157, 158, 159, 160, 161, 162, 167, 168, 169, 170, 171]
253	[0, 1, 2, 3, 4, 5, 57, 58, 59]
254	[80, 81, 82, 83, 142, 143, 144, 145, 146]
255	[56, 189, 190, 191, 192, 253, 254, 255, 256, 257, 258]
256	[101, 102, 103, 104, 135, 136, 137, 138, 139, 376, 377, 378, 511, 512, 513, 514, 515, 553, 554, 555, 556, 557, 558, 608, 609, 610, 611, 612]
257	[139, 140, 141, 142, 143, 147, 148, 149, 150, 151, 152, 153, 154]
258	[]
259	[5, 6, 7, 8, 9, 10, 11, 12, 13]
260	[0, 182, 183, 184, 185, 186, 213, 214, 215, 216, 218, 219, 220, 221, 233, 234, 235, 236, 237, 238]
261	[27, 28, 29, 30, 31]
262	[36, 37, 38, 273, 274, 275, 276, 277, 278, 279, 280, 281, 282, 395, 396, 397, 398, 399, 400, 474, 475, 476, 477, 478]
263	[144, 145, 146, 147, 148]
264	[4, 5, 6, 7, 8, 18, 19, 20, 21, 22, 23]
265	[43, 44, 45, 46, 113, 114, 115, 116, 117]
266	[]
267	[14, 15, 16, 17, 18, 19, 20, 21, 53, 54, 55, 56, 57, 72, 73, 74, 75, 76, 77, 78]
268	[27, 28, 29, 30, 31]
269	[50, 51, 52, 53, 78, 79, 80, 81, 148, 149, 150, 151, 259, 260, 261, 262]
270	[51, 52, 53, 54, 55, 56]
271	[6, 7, 8, 9, 10, 11, 132, 133, 134, 135, 136, 137, 138, 139, 331, 332, 333, 531, 532, 533, 534, 631, 632, 633, 634, 635, 636]
272	[22, 23, 24, 25, 29, 30, 31, 32, 55, 56, 57, 58, 59, 60, 231]
273	[26, 27, 28, 29]
274	[23, 24, 25, 26, 27, 77, 78, 79, 80, 81, 82, 90, 108, 109, 110, 111, 960, 961, 962, 963, 964, 965]
275	[20, 60, 61, 62, 63, 73, 74, 75, 76, 77, 78, 79, 80, 81]
276	[67, 68, 69, 70, 193, 194, 195, 196, 198, 199, 200, 338, 339, 340, 341, 342, 343, 350, 351, 352, 353, 354]
277	[20, 21, 22, 23, 24]
278	[0, 1, 2, 3, 4, 57, 58, 59, 60]
279	[4, 57, 58, 59, 60, 61]
280	[0, 1, 2, 3, 4, 68, 69, 70, 71, 72]
281	[95, 96, 97, 98, 99, 100, 107, 108, 109, 110]
282	[496, 497, 498, 499, 500, 501, 503, 504, 505, 506, 507, 508, 582, 583, 584]
283	[9, 10, 11, 25]
284	[0, 1, 2, 3]
285	[]
286	[19, 20, 21, 22, 23, 24, 25, 26, 28, 29, 30, 31, 32, 33, 34, 35, 36, 218, 219, 220, 221, 343, 344, 345, 346, 382, 383, 384, 385, 386, 622, 671, 672, 673]
287	[45, 46, 47, 48, 49, 94, 95, 96, 97, 98]
288	[9, 10, 11, 12, 13, 26, 27, 28, 29, 30]
289	[158, 199, 200, 201, 202, 203, 204, 206, 207, 208, 209, 210, 211]
290	[40, 41, 42, 295, 296, 297, 377, 378, 379, 380, 381]
291	[111, 112, 113, 114, 115, 116, 117, 296, 297, 298, 299, 300, 301, 303, 304, 305, 306, 307, 308]
292	[]
293	[6, 7, 8, 9, 10, 12, 13, 14, 15, 118, 119, 120, 121, 122, 123]
294	[9, 10, 11, 12, 13, 14, 46, 47, 48, 271, 272, 273, 274, 275, 276, 277]
295	[190, 191, 192, 193, 194, 195]
296	[202, 203, 204, 205]
297	[19, 20, 21, 22, 23, 24, 49, 50, 51, 52]
298	[13, 14, 15, 16, 17, 18]
299	[14, 15, 16]
300	[63, 64, 65, 318, 319, 320, 321, 322, 323, 344, 345, 346, 373, 374, 375, 376, 377, 378, 379, 380, 381]
301	[55, 287, 288, 289, 290, 291, 292]
302	[27, 28, 29, 30, 31, 32, 374, 375, 376, 377, 378, 379, 380, 381, 387, 388, 389, 390, 391, 392, 393, 394, 395, 396, 436, 437, 438, 439]
303	[19, 20, 21, 22, 23, 24]
304	[52, 53, 54, 55, 68, 69, 70, 71, 72, 73, 431, 432, 433, 434, 435]
305	[28, 29, 30, 31, 32]
306	[]
307	[10, 11, 12, 13, 14, 15]
308	[232, 233, 234, 235]
309	[27, 28, 29, 30, 31, 32]
310	[18, 19, 20, 21, 22, 23, 25, 26, 27, 28, 68, 69, 70, 71, 72, 73, 74, 75, 76]
311	[194, 195, 196, 197, 215, 216, 217, 218, 219, 220]
312	[23, 24, 25, 26, 27, 28, 49, 50, 51, 52, 53]
313	[42, 43, 44, 45, 46, 47]
314	[49, 50, 51, 52, 53, 54, 55, 56, 57, 58]
315	[67, 68, 69, 70, 71, 94, 95, 96, 97]
316	[3, 4, 5, 6, 7]
317	[37, 38, 39, 40, 41, 46, 54, 55, 56, 57, 58, 59]
318	[5, 6, 7, 8, 72, 99, 100, 101, 115, 116, 117]
319	[8, 9, 10, 11, 12, 13]
320	[0, 5, 6, 7, 8, 9, 10, 11, 12, 13]
321	[21, 22, 23, 24, 25, 26]
322	[183, 184, 185, 186, 187, 188]
323	[169, 170, 171, 172, 173, 174]
324	[]
325	[31, 32, 33, 34, 35, 36]
326	[12, 13, 14, 15, 16, 17, 81, 82, 83, 84, 85, 86, 281, 282, 283, 284, 339, 340, 341, 342]
327	[11, 12, 13, 14, 15]
328	[15, 16, 17, 18]
329	[55, 56, 57, 58]
330	[35, 36, 37, 38]
331	[47, 48, 49, 50, 51]
332	[21, 22, 23, 24, 25, 26, 27, 28, 29, 30, 104, 105, 106]
333	[116, 117, 118, 119, 120, 121, 122, 123, 124]
334	[24, 25, 26, 27, 28, 36, 37, 38, 39, 40, 57, 58, 59, 60, 61, 62]
335	[9, 10, 11, 12, 101, 102, 103, 104, 133, 134, 135, 136, 137, 415, 416, 417]
336	[8, 9, 10, 11, 12, 13, 14, 15]
337	[26, 27, 28, 29]
338	[0, 1, 2, 3]
339	[13, 14, 15, 16, 17, 18, 19, 20, 34, 35, 36, 37]
340	[202, 203, 204, 205, 206, 207]
341	[]
342	[48, 49, 50, 51, 52]
343	[35, 52, 53, 54, 55, 56, 57]
344	[4, 5, 6, 7, 8, 9]
345	[37, 38, 39, 41, 42, 43, 44, 45, 80, 81, 82, 83, 84, 85]
346	[69, 70, 71, 72, 73, 74]
347	[4, 5, 6, 7, 8, 9, 10, 21, 22, 23, 24]
348	[142, 143, 144, 183, 235, 236, 237, 238, 239, 295, 296, 297, 298, 456, 457, 458, 459, 707, 708, 709, 710, 711, 712, 713, 714, 715, 716]
349	[4, 5, 6, 7, 8, 9, 41, 42, 43, 44, 45, 46]
350	[]
351	[214, 215, 216]
352	[10, 11, 12, 13, 14]
353	[30, 31, 32, 33, 34, 35, 69, 70, 71, 72, 73, 74, 75]
354	[55, 56, 57, 58]
355	[124, 125, 126, 127]
356	[]
357	[20, 21, 22, 23, 24, 25]
358	[34, 35, 36, 37, 38, 39]
359	[87, 88, 89, 90]
360	[0, 176, 177, 178, 179, 180, 181, 182, 183]
361	[4, 5, 6, 7, 8, 9, 10, 12, 13, 14, 15, 16]
362	[102, 145, 146, 147, 148, 149, 150, 195, 196, 197, 198, 199, 203, 204, 205, 206, 207]
363	[53, 54, 55, 228, 229, 230, 311, 312, 313, 314, 315, 316, 317, 318, 319, 320]
364	[17, 18, 19, 20, 21, 23, 24, 25, 26, 30, 31, 32, 33]
365	[8, 9, 10, 11, 12, 31, 32, 33, 34, 35]
366	[52, 53, 54, 55, 56, 57, 58, 81, 82, 83, 84, 85]
367	[77, 78, 79, 80, 81, 82, 83, 84]
368	[156, 157, 158, 159, 160, 161]
369	[9, 10, 11, 12, 13, 14, 16, 17, 18, 19, 20, 21, 71, 72, 73, 74, 75, 76, 77, 78]
370	[10, 11, 12, 13, 14, 15]
371	[71, 72, 73, 74, 75, 76, 78, 79, 80, 81, 82]
372	[131, 132, 133, 134, 135, 136, 137, 138, 139, 236, 237, 238, 273, 274, 275, 276]
373	[30, 31, 32, 33, 34]
374	[42, 43, 44, 76, 77, 78, 79, 80]
375	[13, 14, 15, 16, 17, 18]
376	[4, 5, 6, 7, 8, 9, 10, 11, 12, 13, 49, 50, 51, 52, 53]
377	[20, 21, 22]
378	[121, 122, 123, 124, 125, 127, 128, 129, 130, 131, 132, 133, 134, 135]
379	[4, 5, 6, 7, 8, 9, 10, 11, 140, 141, 142, 143, 144, 145, 179, 180, 181, 182, 183, 216, 217, 218]
380	[111, 112, 113, 155, 156, 157, 158, 159]
381	[127, 128, 129, 130, 131]
382	[8, 9, 10, 11, 12, 13, 55, 56, 57, 58, 59, 66, 67, 68, 69, 70]
383	[24, 25, 26, 27, 28, 29, 45, 46, 47, 48, 49, 50]
384	[68, 69, 70, 71, 72, 73]
385	[69, 70, 71, 72, 73]
386	[0, 1, 2, 3, 4, 5]
387	[94, 95, 96, 97, 98, 99]
388	[16, 17, 18, 19, 20]
389	[37, 38, 39, 40, 41, 42, 43, 44, 45]
390	[19, 20, 21, 22, 23, 24]
391	[12, 13, 14, 15, 16, 26, 27, 28, 29, 301, 302, 303, 304, 305, 306, 307, 308]
392	[8, 9, 10, 11, 12, 67, 68, 69, 70, 71, 72, 86, 87, 88, 89, 90, 91]
393	[35, 36, 37, 38, 203, 204, 205, 206, 207, 208, 209, 210, 237, 238, 239, 240, 241, 242, 274, 275, 276, 277, 278, 279, 297, 298, 299, 300, 301, 302, 303, 304, 306, 307, 308, 309, 400, 401, 402, 403, 404, 405, 406, 407, 408]
394	[50, 51, 52]
395	[]
396	[6, 7, 8, 9, 10, 11, 23, 24, 25]
397	[26, 27, 28, 29, 30]
398	[54, 55, 56, 57, 91, 92, 93, 94]
399	[30, 31, 32, 33, 100, 101, 102, 103, 104, 105, 170, 171, 172, 173, 174, 175, 176, 177, 178, 516, 517, 518, 617, 618, 619, 620, 621, 622, 623, 624]
400	[261, 262, 263, 264, 265, 266]
401	[33, 34, 35, 36, 37]
402	[]
403	[118, 119, 120, 121, 122, 123]
404	[21, 22, 23, 24, 25, 26, 103, 104, 105, 106, 107, 218, 219, 220, 255, 256, 257, 258, 259, 260, 261, 262, 263, 264]
405	[57, 58, 59, 60, 61, 62, 183, 184, 185, 186]
406	[81, 82, 83, 84, 185, 186, 187, 188, 189]
407	[34, 35, 36, 37, 38]
408	[]
409	[65, 66, 67, 68, 69, 80, 81, 82, 83, 84, 85]
410	[55, 56, 57, 58, 59, 60, 61, 62]
411	[401, 402, 403, 404, 405]
412	[27, 28, 29, 30, 64, 65, 66, 67, 68, 69, 70, 139, 140, 141, 142, 143, 144]
413	[55, 56, 57, 58, 59, 60]
414	[37, 38, 39, 40, 41, 42, 43, 44, 45]
415	[0, 1, 2, 3, 4, 5, 6, 8, 9, 10, 11, 12, 64, 65, 66, 67]
416	[26, 27, 28, 29, 30, 82, 83, 84, 85, 86, 87, 88, 89, 90]
417	[23, 24, 25, 26, 27]
418	[146, 147, 148, 149, 150]
419	[]
420	[]
421	[38, 39, 40, 41, 42, 43, 44, 45]
422	[24, 25, 26, 27, 28, 29, 30]
423	[7, 8, 9, 10, 148, 149, 150]
424	[64, 65, 66, 67, 68, 69, 70, 120, 121, 122, 123, 124, 125]
425	[]
426	[97, 98, 99, 100, 101, 102, 115, 116, 117, 118, 119, 136, 137, 138, 139, 141, 142, 143, 144, 145, 146, 162, 163, 164]
427	[17, 18, 19, 20, 29, 30, 31]
428	[11, 12, 13, 14, 64, 65, 66, 67, 68, 69]
429	[125, 126, 127]
430	[7, 8, 9, 10, 11, 12, 13, 14, 61, 62, 63, 64]
431	[7, 8, 9, 10]
432	[15, 16, 17, 18, 19, 20]
433	[123, 124, 125, 131, 132, 133, 134, 135]
434	[23, 24, 25, 26, 27, 28, 29, 30, 31, 32]
435	[7, 8, 9, 10, 11, 12]
436	[144, 145, 146, 147, 148, 149, 150]
437	[8, 9, 10, 11, 12, 13, 15, 16, 17, 18, 19, 20, 54, 55, 56]
438	[13, 14, 15, 16, 149, 150, 151]
439	[311, 312, 313, 314]
440	[159, 160, 161, 162, 163]
441	[27, 28, 29, 30, 31]
442	[126, 127, 128, 129, 130, 131, 132, 133, 134, 135]
443	[13, 14, 15, 16, 17, 74, 75, 76, 201, 202, 203, 204, 451, 452, 453, 454, 455]
444	[12, 13, 14, 15, 77, 78, 79, 80]
445	[6, 7, 8, 9, 10, 11, 46]
446	[0, 18, 19, 20, 21]
447	[50, 74, 75, 76, 77, 78, 117, 118, 119, 120, 121, 122, 157, 158, 159]
448	[158, 159, 160, 161, 162, 163, 164]
449	[41, 42, 43]
450	[11, 12, 13, 283, 284, 285, 286, 287, 288, 289, 290, 291, 292, 321, 448, 449, 450, 451, 452]
451	[133, 134, 135, 136, 137, 138, 248, 333, 334, 335]
452	[72, 73, 74, 75, 76, 77]
453	[22, 78, 79, 80, 81, 99, 100, 101, 102, 103, 104]
454	[59, 60, 61, 62, 63]
455	[103, 104, 105, 134, 135, 136, 137, 138, 139, 142, 143, 144, 145, 146, 147, 148, 149]
456	[74, 75, 76, 77, 78, 79, 95, 96, 97, 98, 99, 100]
457	[33, 34, 35, 36, 37, 39, 40, 41, 42, 43]
458	[261, 262, 263, 264, 265, 266, 267, 268, 360, 361, 362, 363, 364, 365, 366, 367]
459	[68, 69, 70, 71, 72, 126, 127, 128, 129, 130, 156, 157, 158]
460	[39, 40, 41, 42, 43, 93, 94, 95, 96]
461	[19, 20, 21, 22, 173, 174, 175, 176, 177, 178, 179, 180]
462	[63, 64, 65, 66, 119, 120, 121, 122, 123, 131, 132, 133, 134, 135, 136, 137, 138]
463	[0]
464	[23, 24, 25, 26, 27, 28]
465	[]
466	[]
467	[41, 42, 43, 44, 45]
468	[62, 63, 64, 65, 66, 215, 216, 217, 218, 219, 232, 233, 234, 332, 333, 334, 335, 336, 337, 338, 397, 398, 399, 400, 401, 402, 403, 404, 668, 669, 670, 671, 672, 673, 843, 844, 845, 846, 847, 848, 849, 850]
469	[37, 38, 39, 40, 41, 42]
470	[37, 38, 39, 40, 41, 42, 43, 44, 45]
471	[0, 1, 2, 3, 4, 29, 30, 31, 32, 33, 34, 35, 36]
472	[31, 32, 33, 34, 35]
473	[262, 263, 264, 265, 266, 267, 268, 310, 311, 312, 328, 329, 330]
474	[64, 65, 66, 67, 68, 69]
475	[1, 2, 3, 4, 5, 75, 76, 77, 78, 79, 80, 81, 82, 83, 350, 380, 381, 382, 383, 469, 470, 471, 472, 473, 474]
476	[]
477	[58, 59, 60, 61, 62, 63, 64, 65]
478	[13, 14, 15, 16, 17, 93, 94, 95, 96, 97, 98, 124, 125, 126, 127]
479	[]
480	[23, 24, 25, 26, 27]
481	[6, 7, 8, 9, 10, 86, 87, 88, 89, 90, 91]
482	[]
483	[]
484	[75, 76, 77, 78, 79, 189, 190, 191, 192, 193, 211, 212, 213]
485	[14, 15, 16, 17, 18, 19, 20, 21, 24, 25, 26]
486	[32, 33, 34, 35, 36, 37]
487	[72, 73, 74, 75]
488	[47, 48, 49, 50, 51, 54, 55, 56, 57]
489	[41, 42, 43, 44, 45, 77, 78, 79, 80, 81, 82, 84, 85, 86, 87]
490	[162, 163, 164, 165, 166, 167]
491	[15, 16, 17, 18, 19, 88]
492	[]
493	[0, 1, 2, 3, 4, 5, 6, 7, 8, 9, 85, 86, 87, 88, 89, 90, 114, 115, 116, 117, 118, 119]
494	[]
495	[0, 1, 2, 3, 4, 167, 168, 169, 170, 171, 221, 222, 223]
496	[10, 11, 12, 13, 94, 95, 96, 97, 98, 137, 138, 139, 140, 146, 147, 148, 149, 150, 151, 152, 153, 154, 155]
497	[15, 17, 18, 19, 20, 50, 51, 52, 53, 54]
498	[57, 58, 59, 78, 225, 226, 227, 228, 229, 239, 240, 241, 242]
499	[0, 1, 2, 3, 4, 5, 16, 17, 18, 19, 20]
500	[35, 36, 37, 38, 39]
501	[5, 6, 7, 8, 9, 21, 22, 23, 24]
502	[47, 48, 49, 50, 51, 52, 77, 78, 79, 80, 81, 115, 116, 117, 282, 283, 284, 285, 286, 287, 288, 289, 331, 332, 333, 367, 368, 369, 370, 371, 372, 373, 374, 375]
503	[0, 130, 131, 132, 133, 134, 135]
504	[0, 1, 2, 3, 4, 5, 30, 31, 32, 33, 34, 35, 41, 42, 43, 44, 45, 46, 47, 48, 58, 59, 60, 61]
505	[58, 59, 60, 61, 62]
506	[]
507	[207, 218, 219, 220, 221, 222, 223, 263, 264, 265, 266, 267, 268]
508	[25, 26, 27, 28, 29]
509	[59, 60, 61]
510	[17, 18, 19, 20, 21, 106, 163, 164, 165, 166, 167, 168]
511	[24, 25, 26, 27, 36, 37, 38, 39, 257, 258, 259, 307, 308, 309, 310, 311]
512	[12, 13, 14, 15, 16, 96, 131, 132, 133, 179, 180, 181, 182, 183]
513	[24, 25, 26, 27, 28]
514	[0, 15, 16, 17, 18]
515	[62, 63, 64, 457, 458, 459, 460, 461, 462]
516	[22, 23, 24, 90, 91, 92, 93, 94, 95]
517	[14, 15, 16, 17, 19, 20, 21, 164, 165, 166, 167, 168]
518	[42, 43, 44, 45, 46, 47, 48, 49, 50]
519	[45, 46, 47, 48, 49, 50, 51, 52, 82, 83, 84, 85, 86, 87, 88, 89, 90]
520	[22, 23, 24, 25, 26, 55, 56, 57, 58, 65, 66, 67, 68, 69, 103, 104, 105, 106, 107, 108, 122, 123, 124, 125, 126, 127, 128, 207, 208, 209, 210, 246, 247, 248, 249, 250, 251, 252, 253]
521	[19, 20, 21, 22, 23, 24]
522	[6, 7, 8, 9, 10, 11]
523	[13, 14, 15, 16, 17, 18, 63, 64, 65, 66]
524	[75, 76, 77, 78, 114, 115, 116, 117]
525	[102, 103, 104, 105, 106, 107, 108]
526	[21, 22, 23, 24, 25, 26, 27, 28, 140]
527	[30, 31, 32, 33, 34, 35, 54, 55, 56, 57]
528	[16]
529	[51, 52, 53, 54, 55, 56, 57, 58]
530	[15, 16, 17, 18, 19]
531	[15, 16, 17, 18, 19, 20, 22, 23, 24, 25, 26, 27, 53, 54, 55]
532	[26, 27, 28, 29, 30, 31]
533	[16, 17, 18, 19, 20, 21]
534	[18, 19, 20, 21, 22]
535	[14, 15, 16, 17]
536	[90, 91, 92, 93]
537	[15, 16, 17, 18, 19, 20, 21, 22, 23, 24]
538	[48, 49, 50, 51, 52, 53, 61, 62, 63, 64, 65]
539	[8, 9, 10, 11, 12, 13, 14]
540	[]
541	[]
542	[0, 1, 2, 37, 38, 39, 40, 41, 157, 158, 159, 160, 368, 369, 370, 371, 390, 391, 392, 393, 394, 395, 454]
543	[0, 1, 2, 3, 4, 25, 26, 27, 28, 29, 30]
544	[126, 127, 128, 129]
545	[20, 21, 22, 23, 24, 25, 26, 27, 230, 231, 232, 233, 234, 235, 236, 237, 238]
546	[]
547	[222, 223, 224, 225, 226, 258, 259, 260, 278, 279, 280, 281, 283, 284, 285, 286, 287]
548	[265, 266, 267, 268, 269, 270, 295, 296, 297, 298, 299, 300, 400, 401, 402, 403, 485, 486, 487, 488, 489, 490]
549	[125, 126, 127, 128, 129, 130]
550	[16, 17, 18, 19, 20, 21, 22, 28, 29, 30, 31, 32, 33]
551	[7, 8, 9, 135, 136, 137, 138, 139, 140, 157, 158, 159, 160, 161, 162]
552	[]
553	[0, 1, 2, 3]
554	[67, 68, 69, 70]
555	[]
556	[84, 85, 86, 87, 88, 89, 198, 199, 200, 706, 707, 708, 985, 986, 987, 988]
557	[19, 20, 21, 22, 23, 24, 114, 115, 116, 117]
558	[0, 1, 2, 9, 10, 11]
559	[12, 13, 14, 15, 16, 270, 271, 272, 273, 274]
560	[7, 8, 9, 10, 11, 12]
561	[199, 200, 201, 206, 207, 208, 209, 210, 211]
562	[95, 96, 97, 98, 99, 100, 112, 113, 114]
563	[14, 15, 16, 17, 18]
564	[]
565	[9, 10, 11, 12, 13, 14, 130, 131, 132, 146, 147, 148, 149, 150, 151, 209, 210, 211, 212]
566	[12, 13, 14, 15]
567	[11, 12, 13, 14, 15, 214, 215, 216]
568	[0, 1, 2, 3]
569	[80, 81, 82, 83, 84, 111, 112, 113, 114, 115, 116, 117, 118, 119, 120]
570	[7, 8, 9, 10]
571	[11, 29, 30, 31, 32, 33, 34, 35, 36]
572	[11, 12, 13, 14, 15]
573	[116, 117, 118, 119, 120, 121]
574	[0, 1, 2, 3, 106, 107, 108]
575	[4, 5, 6, 7, 8, 9, 16, 17, 18, 39, 40, 41, 42, 43, 44, 45, 46, 74, 75, 76, 77, 78, 79]
576	[13, 14, 15, 16]
577	[31, 32, 33, 34, 35]
578	[100, 118, 119, 120, 121, 122, 123]
579	[35, 36, 37, 38, 39, 40, 41, 42]
580	[]
581	[0, 1, 2, 3, 4, 5, 6, 7, 8, 9, 48, 49, 50, 51, 52, 53, 140, 141, 142, 143, 144, 145, 293, 294, 295]
582	[151, 152, 153, 154, 191, 192, 193, 194, 195, 196]
583	[110, 111, 112, 113]
584	[0, 1, 2, 3]
585	[44, 45, 46, 47, 48, 49]
586	[6, 7, 8, 9, 10, 11, 12, 13, 40, 41, 42, 43, 150, 151, 152, 153, 154, 155, 246, 247, 248]
587	[175, 176, 177, 178, 180, 181, 182, 183]
588	[277, 278, 279, 280, 281, 282]
589	[85, 86, 87, 88, 89, 90, 91, 92, 93]
590	[20, 21, 22, 23, 24, 25]
591	[0, 60, 61, 62, 63, 64, 65]
592	[20, 52, 53, 54, 55, 56, 177, 178, 179, 180, 181, 182]
593	[11, 12, 13, 14, 15, 16, 17, 18, 30, 31, 32, 33, 34, 39, 40, 41, 42, 43, 44, 89, 90, 91, 92, 93]
594	[4, 5, 6, 7]
595	[2, 3, 4, 102, 103, 104, 105, 106, 107, 108, 109, 110]
596	[32, 33, 34, 35]
597	[10, 11, 12, 13, 14, 40, 41, 42, 43]
598	[116, 117, 118, 119, 186, 187, 188, 189, 190, 191, 381, 382, 383, 384]
599	[13, 14, 15, 16, 17, 18, 87, 88, 89, 90, 91, 116, 117, 118, 119, 120, 121, 206, 207, 208, 209, 210, 211, 212, 213, 214, 215]
600	[22, 23, 24, 37, 38, 39, 40, 41, 64, 65, 66, 67, 68, 69, 70, 71, 72, 99, 100, 101, 102, 103]
601	[]
602	[13, 14, 15, 16, 17, 18, 19]
603	[22, 23, 24, 25, 26]
604	[0, 1, 2, 3, 4, 5, 6, 7, 53, 54, 55, 56, 57, 69, 70, 71, 72, 73, 74, 75, 76, 77, 78]
605	[18, 19, 20, 21, 22]
606	[55, 56, 57, 58, 59, 60]
607	[20, 21, 22, 23, 24, 25, 26, 27, 28]
608	[13, 14, 15, 16, 17, 18, 20, 21, 22, 23, 24, 25]
609	[7, 8, 9, 10, 11]
610	[35, 36, 37, 38, 39, 40, 157, 158, 159, 228, 229, 230, 231, 232, 237, 238, 239, 240, 241, 242, 244, 245, 246, 247]
611	[16, 17, 18, 19, 20, 46, 47, 48, 49, 50, 435, 436, 437, 438, 439]
612	[20, 21, 22, 23, 39, 40, 41, 42, 43, 44, 53, 54, 55, 56]
613	[37, 38, 39, 40, 41, 42, 43, 44, 57, 58, 59, 60, 61]
614	[24, 25, 26, 27, 28, 29, 55, 56, 57, 58, 59, 60, 127, 128, 129]
615	[18, 19, 20, 21, 22]
616	[114, 266, 267, 268, 362, 363, 364, 365, 366, 367]
617	[18, 19, 20, 21, 22]
618	[19, 20, 21, 22, 23, 24, 25, 26, 27, 28, 267, 268, 269, 270, 271, 272, 273, 286, 287, 288, 289]
619	[40, 41, 42, 43, 45, 46, 47, 48, 49, 50, 66, 67, 68, 69, 70, 71, 72, 73]
620	[116, 117, 118, 119, 120, 183, 184, 185, 186, 187, 192, 193, 194]
621	[7, 8, 9, 10, 11, 12, 17, 18, 19, 20, 21, 34, 35, 36, 37, 38, 101, 102, 103]
622	[]
623	[255, 256, 257, 701, 702, 703, 704, 705]
624	[9, 10, 11, 12, 13, 14]
625	[8, 9, 10, 51, 52, 53, 54, 55, 56, 122, 123, 124, 125, 126, 127, 128, 147, 148, 149, 150]
626	[1, 101, 102, 103, 104, 105, 106, 127, 128, 129, 130, 131]
627	[]
628	[]
629	[91, 92, 93, 94, 95, 96, 150, 166, 167, 168, 169, 170, 171, 172, 173, 174, 175, 196, 197, 198, 199, 200]
630	[167, 168, 169, 170, 171, 172, 173, 268, 269, 270, 271]
631	[65, 66, 67, 68, 69, 95, 96, 97, 98]
632	[15, 16, 17, 18, 19, 20, 21, 22, 28, 29, 30, 31, 32]
633	[19, 20, 21, 22, 23, 24, 334, 335, 336, 337, 338, 339, 380, 381, 382]
634	[]
635	[16, 17, 18, 19, 104, 105, 106, 107, 108]
636	[96, 97, 98, 99, 100, 101, 102, 103]
637	[72, 82, 83, 84, 85, 86, 87, 88, 90, 91, 92, 93, 101, 102, 103]
638	[16, 17, 18, 19, 20, 21, 829, 830, 831, 832, 833, 834, 918]
639	[3, 4, 5, 6, 7, 8, 9, 127, 128, 129, 130, 131]
640	[45, 76, 77, 78, 79, 80, 81]
641	[9, 10, 11, 12, 13, 176, 177, 178, 179]
642	[]
643	[105, 106, 107, 108, 109, 110, 643, 644, 645, 646, 720, 721, 722, 726, 727, 728, 729]
644	[83, 84, 85, 86, 87, 291, 292, 293, 294, 295, 296, 449, 450, 451, 452, 453]
645	[0, 1, 2, 3, 4]
646	[13, 14, 15, 16, 17, 18, 38, 39, 40, 41, 42, 44, 45, 46, 47, 48]
647	[67, 68, 69, 70, 79, 80, 81, 82, 83, 84, 106, 107, 108, 109, 110, 120, 121, 122, 123, 124]
648	[107, 108, 109, 110, 111, 112, 113, 114, 116, 117, 118, 119, 120, 121, 123, 124, 125, 126]
649	[282, 283, 284, 285, 286, 415, 416, 417, 418, 537]
650	[15, 16, 17, 18]
651	[39, 40, 41, 42, 43, 75, 76, 77, 78]
652	[16, 17, 18, 19, 20, 21, 52, 53, 54, 55, 56, 57]
653	[7, 8, 9]
654	[225, 226, 227, 228, 229, 230, 373, 374, 375, 376, 377, 378]
655	[7, 8, 9, 10, 11, 12, 13, 14, 15]
656	[13, 14, 15, 16, 17, 60, 61, 62, 63, 64, 235, 236, 237]
657	[22, 23, 24, 25, 26]
658	[19, 20, 21, 22, 23, 24, 25]
659	[43, 44, 45, 46, 47, 48]
660	[64, 65, 66, 67, 97, 98, 99, 100, 134]
661	[0, 1, 2, 3, 4, 8, 9, 10, 11]
662	[35, 36, 37, 38, 39, 40, 41, 42, 43, 44]
663	[12, 13, 14, 15]
664	[19, 20, 21, 22, 147, 148, 149]
665	[49, 50, 51, 52, 53, 61, 62, 63, 64, 95, 96, 97, 98, 99, 100, 101, 102, 249, 250, 251, 252]
666	[23, 24, 25, 26, 27, 28, 29, 30, 31, 32, 34, 35, 36, 37]
667	[]
668	[41, 56, 57, 58, 59]
669	[159, 160, 161, 162, 163]
670	[28, 29, 30, 31, 32]
671	[130, 131, 132, 134, 135, 136, 137, 191, 192, 193, 194]
672	[19, 20, 21, 22, 23]
673	[140, 141, 142, 143, 144, 145]
674	[33, 34, 35, 36, 37, 38, 39, 40, 41]
675	[231, 232, 233, 234, 235, 297, 298, 299, 300, 301, 302, 319, 320, 321, 322, 323, 324, 326, 327, 328, 329]
676	[90, 91, 92, 335, 336, 337, 338, 339, 397, 398, 399, 614, 615, 616, 617, 618, 619, 820]
677	[13, 14, 15, 16, 17]
678	[]
679	[201, 258, 259, 260, 261]
680	[51, 52, 53, 54]
681	[99, 100, 101, 102, 103, 104, 105]
682	[60, 61, 62, 63, 64]
683	[0, 1, 2, 3, 4, 20, 21, 22, 23]
684	[54, 55, 56, 57, 58, 60, 61, 62, 63, 64, 65, 71, 72, 73, 74, 75, 76]
685	[136, 137, 138, 139, 140, 141, 142]
686	[42, 43, 44, 45, 46, 47]
687	[188, 189, 190, 191, 192, 193, 244, 245, 246, 247, 248]
688	[36, 37, 38, 58, 59, 60, 61]
689	[11, 12, 13, 14, 15, 34, 35, 36, 37, 38, 39, 52, 53, 54]
690	[28, 29, 30, 31, 32, 33]
691	[5, 6, 7, 8, 11, 12, 13, 14, 78, 79, 80, 115, 116, 117, 118, 119, 120]
692	[21, 22, 23, 24, 25, 26, 33, 34, 35, 36, 37]
693	[141, 142, 143, 144, 145, 146, 148, 149, 150, 151, 152, 153]
694	[23, 24, 25, 26, 27, 28, 29, 44, 45, 46, 47, 48, 75, 76, 77, 78]
695	[65, 66, 67, 68, 69, 169, 170, 171, 172, 264, 265, 266, 267]
696	[15, 16, 17, 18, 19, 20, 21, 23, 39, 40, 41, 42, 43]
697	[21, 193, 194, 195, 196, 197, 198, 219, 220, 221, 222, 223, 231, 232, 233, 234, 235, 246, 247, 248, 249, 250]
698	[]
699	[54, 55, 56, 57]
700	[569, 570, 571, 572, 573, 574]
701	[103, 104, 105, 106, 107, 108, 109, 110, 111]
702	[34, 35, 36, 37, 38, 100, 101, 102]
703	[366, 367, 368, 369, 476, 477, 478, 479, 480, 481]
704	[]
705	[144, 145, 146, 147, 148, 149]
706	[]
707	[23, 24, 25, 26, 27]
708	[40, 41, 42, 43, 44, 149, 150, 151, 152, 153, 163, 164, 165, 166, 518, 519, 520, 521, 533, 534, 535, 536]
709	[5, 6, 7, 8, 9, 19, 20, 21, 22, 23, 24]
710	[58, 59, 60, 61, 62, 63]
711	[54, 55, 56, 57, 58, 59, 172, 173, 174, 175, 176, 211, 212, 213, 214, 215]
712	[0, 327, 328, 329, 330, 331, 332]
713	[96, 97, 98, 99, 100, 101, 102, 198, 199, 200, 201, 202, 203, 204, 205, 206, 379, 683, 684, 685, 686, 687, 701, 702, 703, 704]
714	[100, 101, 102, 103, 314, 315, 316, 317, 318, 319, 320, 321]
715	[145, 146, 147, 148, 149, 150]
716	[0, 1, 2, 3, 4, 5, 117, 118, 119, 120]
717	[7, 8, 9, 10]
718	[63, 64, 65, 66, 67, 196, 197, 198, 199, 200]
719	[0, 46, 47, 48, 49, 50, 51, 141, 142, 143, 144, 145, 146]
720	[58, 59, 60, 61, 62, 63, 110, 111, 112, 113, 114, 115, 116, 117, 118, 119, 172, 173, 174, 175, 180, 181, 182]
721	[72, 73, 74, 75, 76, 77, 78, 104, 105, 106]
722	[231, 232, 233, 234, 235, 236, 237, 238, 239]
723	[26, 27, 28, 29, 30, 31]
724	[14, 15, 16, 17, 18, 19, 20, 21, 22]
725	[73, 74, 75, 76, 77, 96, 97, 98, 99, 100, 101]
726	[77, 78, 79, 80, 81, 82, 92, 93, 94, 95, 96, 336, 337, 338]
727	[81, 82, 83, 84, 85, 86]
728	[100, 101, 102]
729	[92, 93, 94, 95, 96]
730	[]
731	[31, 32, 33, 34, 35]
732	[15, 16, 17, 18, 19, 20, 35, 36, 37, 140, 141, 142, 143, 144, 145, 225, 226, 227, 228]
733	[68, 69, 70, 71, 72, 73]
734	[33, 34, 35, 36, 37, 38, 39, 40, 41, 42]
735	[22, 23, 24, 25, 26, 27, 28, 29, 30]
736	[69, 70, 71, 123, 124, 125, 126, 136, 137, 138]
737	[46, 47, 48, 49, 50, 51, 52, 102, 103, 104, 105, 106]
738	[0, 1, 2, 3, 4, 5]
739	[70, 71, 72, 73]
740	[164, 165, 166, 167, 168, 169, 170, 171]
741	[7, 8, 9, 10]
742	[9, 10, 11, 12, 25, 26, 27, 28, 29, 30]
743	[0, 1, 2, 3, 316, 317, 318, 319, 320, 579, 580, 581, 582, 583, 584, 612, 714, 715, 716, 717, 718, 719]
744	[30, 31, 32, 33, 34, 35, 36, 49, 50, 51, 52, 53, 54, 117, 118, 119, 120, 138, 139, 140]
745	[103, 104, 105, 106, 243, 244, 245, 246, 247, 273, 274, 275]
746	[14, 15, 16, 17, 18, 19, 20, 21]
747	[48, 49, 50, 51, 52]
748	[37, 38, 39]
749	[9, 10, 11, 12, 13]
750	[10, 11, 12, 13, 14, 78, 79, 80, 81]
751	[]
752	[23, 24, 25, 26, 27, 28]
753	[309, 310, 311, 312, 398, 399, 400, 401]
754	[48, 49, 50, 51, 52, 53]
755	[16, 17, 18, 19, 20, 68, 69, 70, 71, 72, 73]
756	[0, 1, 2, 3]
757	[49, 50, 51, 52, 53, 61, 62, 63, 64, 65]
758	[22, 23, 24, 25, 26]
759	[75, 76, 77, 78, 364, 365, 366, 367, 368, 478, 585, 586, 587]
760	[15, 16, 17, 18, 19, 20, 88, 89, 90]
761	[37, 38, 39, 40, 41, 42]
762	[31, 32, 33, 34, 35, 36, 37]
763	[56, 57, 58, 59]
764	[178, 179, 180, 181]
765	[4, 5, 6, 7, 8, 9, 10]
766	[16, 17, 18, 19]
767	[13, 14, 15, 16, 17, 18]
768	[115, 116, 117, 118]
769	[34, 35, 36, 37]
770	[26, 27, 28, 29, 30]
771	[0, 1, 2, 3, 4, 12, 13, 14, 15, 28, 29, 30, 31, 99]
772	[51, 52, 53, 54, 55, 56]
773	[]
774	[8, 9, 10, 11, 12, 116, 117, 118, 119, 120, 121, 122, 123]
775	[96, 97, 98, 99, 100, 101]
776	[5, 6, 7, 8, 9]
777	[11, 12, 13, 14, 15, 19, 20, 21, 22, 23, 24, 25, 26, 27, 310, 311, 312, 313, 314, 315, 316, 317]
778	[4, 5, 6, 7, 8, 9, 10, 11]
779	[72, 73, 74, 75]
780	[10, 11, 12, 13, 14, 15, 37, 38, 39, 40, 41, 42, 43, 44, 53, 54, 55]
781	[7, 8, 9, 10, 11]
782	[19, 20, 21, 22, 23]
783	[42, 43, 44]
784	[11, 12, 13, 14, 15, 16]
785	[18, 19, 20, 21]
786	[159, 160, 161, 162, 259, 260, 261, 262, 263, 264, 266, 267, 268]
787	[33, 34, 35, 36, 37, 38, 39, 40, 41, 65, 66, 67, 68, 69, 70, 71]
788	[66, 67, 68, 69, 70, 71, 76, 77, 78, 79, 80, 171, 172, 173, 174, 175, 176, 218, 219, 220, 221, 222, 223, 224, 225]
789	[133, 134, 135, 136, 137, 343, 344, 345]
790	[39, 40, 41, 42, 63, 64, 65, 66, 67, 68, 69, 70, 71]
791	[685, 686, 687, 688, 689, 690, 691, 692]
792	[20, 21, 22, 23, 24, 25, 26]
793	[12, 13, 14, 77, 78, 79, 80, 81, 82, 83, 84]
794	[264, 265, 266, 267, 582, 583, 584, 585]
795	[54, 55, 56, 57, 58, 59, 87, 88, 89, 90, 99, 100, 101, 102, 103, 259, 260, 261, 365, 366, 367, 368, 369, 370, 450, 451, 452, 453, 454, 455, 456, 457, 458]
796	[]
797	[41, 42, 43, 44, 123, 124, 125]
798	[50, 51, 52, 53, 54, 55, 56, 57, 58, 80, 81, 82, 83, 84, 86, 87, 88, 89, 90, 180, 181, 182, 183, 184, 185, 186, 187]
799	[234, 235, 236, 237, 242, 243, 244, 306, 307, 308, 309, 337, 338, 339, 340, 341, 342]
800	[]
801	[78, 79, 80, 118, 119, 120, 121, 122, 123, 124]
802	[15, 16, 17, 18, 19, 90, 91, 92, 93, 94, 108, 109, 110, 111, 134, 135, 136, 174, 175, 176, 349, 350, 351, 352, 353, 354]
803	[8, 9, 10, 11, 168]
804	[33, 34, 35, 36, 37, 164, 165, 166]
805	[155, 156, 157, 158, 159, 182, 183, 184, 185, 186, 187]
806	[6, 7, 8, 9, 16, 17, 18, 19, 20, 21]
807	[9, 10, 11, 12, 13, 14, 15, 43, 44, 45]
808	[139, 140, 141, 345, 346, 347, 348, 349, 350, 351, 514, 515, 516]
809	[35, 36, 37, 202]
810	[]
811	[18, 19, 20, 21, 22, 23]
812	[27, 28, 29, 30, 31, 129, 130, 131, 132, 133, 134, 135, 226, 227, 228, 229, 230, 231, 232, 233, 259, 260, 261, 262, 263, 264]
813	[51, 52, 53, 54, 55, 220, 221, 222, 223, 224]
814	[20, 21, 22, 23, 24]
815	[0, 160, 161, 162, 163, 164, 165, 166, 167, 168]
816	[29, 30, 31, 32, 33, 35, 36, 37, 38]
817	[5, 6, 7, 8, 9, 10]
818	[32, 33, 34, 35, 36, 76, 77, 78, 79, 80, 93, 94, 95, 96, 97, 98, 99, 104, 105, 106, 107, 108]
819	[39, 210, 211, 212, 213, 466, 694, 695, 696, 697, 698, 708, 709, 710, 780, 781, 782, 783, 849, 850, 851, 953, 954, 955, 956]
820	[16, 17, 18, 19, 20, 21]
821	[14, 15, 16, 17, 63, 64, 65, 66, 67, 68, 69, 70, 71, 170, 171, 172, 173, 174, 175, 176, 177, 179, 180, 181, 182, 183]
822	[80, 81, 82, 83]
823	[10, 11, 12, 13, 14, 15, 120, 121, 122, 165, 166, 167, 168, 173, 174, 175, 176, 177]
824	[8, 9, 10, 111, 112, 113, 114, 230, 231, 232, 233, 234, 295, 296, 297, 298, 309, 310, 311, 312, 313]
825	[101, 102, 103, 104, 138, 139, 140, 141, 142, 176, 177, 178, 179, 180, 181, 182, 183, 184, 185, 207, 208, 209, 210, 211]
826	[30, 31, 32, 33, 68, 69, 70]
827	[16, 17, 18, 19]
828	[0, 1, 2, 3, 4]
829	[50, 51, 52, 53, 54, 85, 86, 87, 169, 170, 171, 172]
830	[]
831	[14, 15, 16, 17, 18, 19]
832	[35, 36, 37, 38, 151, 152, 153, 154, 155, 156, 157, 182, 183, 184, 185, 186, 443, 444, 445, 446, 447, 448]
833	[0, 1, 2, 3]
834	[7, 8, 9, 10, 11, 17, 18, 19, 20, 191, 192, 193, 211, 212, 213, 214]
835	[22, 23, 24, 25, 26, 27, 29, 30, 31, 32, 48, 49, 50]
836	[115, 116, 117, 118, 119]
837	[8, 9, 10, 11, 12, 13, 14]
838	[17, 18, 19, 20, 21, 22, 23, 55, 56, 57, 58, 59, 60]
839	[17, 18, 19, 20, 21, 22, 23, 24, 142, 143, 144, 194, 195, 196, 197, 199]
840	[48, 69, 70, 71, 72, 73]
841	[16, 17, 18, 19, 60, 61, 62, 63]
842	[0, 1, 2, 3, 4, 198, 199, 200, 201, 202, 203]
843	[4, 5, 6, 7, 8, 21, 22, 23, 24, 25, 26]
844	[255, 256, 257, 258, 293, 294, 295, 296]
845	[22, 23, 24, 25, 26, 40, 41, 42, 43, 44, 45, 46, 47, 48]
846	[210, 211, 212, 213, 214, 215, 216, 217]
847	[22, 23, 24, 25, 26, 43, 44, 45, 46, 47, 48, 62, 63, 64, 65, 66, 306, 307, 308, 309, 310, 311]
848	[110, 111, 112, 113, 117, 118, 119, 120]
849	[12, 13, 14, 15, 16, 17, 44, 45, 46]
850	[28, 29, 30, 31, 32]
851	[37, 38, 39, 40, 41, 42]
852	[]
853	[70, 71, 72, 73, 74, 75, 76, 77]
854	[4, 5, 6, 7, 8, 39, 40, 41, 80, 81, 82, 83, 84, 85]
855	[0, 1, 2, 3, 4, 16, 17, 18, 60, 61, 62, 63, 64, 65, 67, 68, 69, 70, 71, 72]
856	[15, 16, 17, 18]
857	[5, 6, 7, 8, 9, 10, 131, 132, 133, 134, 135, 136, 172, 173, 174, 175]
858	[37, 38, 39, 40, 41, 42]
859	[40, 41, 42, 43, 44, 207, 208, 209, 210, 211, 310, 311, 312, 313, 320, 321, 322, 323, 437, 438, 439, 440, 441, 442]
860	[117, 118, 119, 120, 145, 146, 147, 148, 149, 150]
861	[305, 306, 307]
862	[21, 22, 23, 24, 25, 26, 27, 28, 29]
863	[5, 6, 7, 8, 9, 10, 11, 166, 167, 168, 169, 170, 171, 173, 174, 175, 176, 177, 178, 337, 338, 339, 340, 341]
864	[100, 101, 102, 103, 104, 105]
865	[]
866	[92, 93, 94, 95, 96, 97, 98, 99]
867	[44, 45, 46]
868	[77, 78, 79, 80, 334, 335, 336, 337, 571, 572, 573, 584, 585, 586, 587, 588, 694, 695, 696, 697, 698, 699, 984, 985, 986, 987, 988, 989, 990, 991, 992]
869	[22, 23, 24, 25, 26, 27]
870	[9, 10, 11, 12, 54, 55, 56, 57, 58]
871	[106, 107, 108, 301, 302, 303, 304, 305, 306, 606, 607, 608, 609, 610, 611]
872	[58, 59, 60, 61]
873	[145, 146, 147, 148]
874	[19, 20, 21, 22, 69, 70, 71, 72, 73, 74, 75, 78, 79, 80]
875	[3, 4, 5, 6, 7, 36, 37, 38, 39, 40, 41, 42, 43, 44, 177, 178, 179, 180, 181, 182]
876	[67, 68, 69, 311, 312, 313]
877	[0, 1, 2, 3]
878	[]
879	[]
880	[94, 95, 96, 97, 98, 99]
881	[0, 1, 2, 3, 27, 28, 29, 220, 221, 222, 223]
882	[29, 30, 31, 122, 123, 124, 125, 126, 127]
883	[0, 79, 80, 81, 82, 311, 312, 313, 314]
884	[8, 9, 10, 11, 12, 27, 28, 29, 129, 130, 131, 132, 133]
885	[99, 100, 101, 102, 104, 105, 106, 107, 108, 109]
886	[0, 1, 2, 3, 4, 5, 6, 7, 8, 20, 21, 22, 23, 26, 27, 28, 29]
887	[0, 150, 151, 152, 153, 154, 189, 190, 191, 192, 193, 194]
888	[14, 15, 16, 17, 18, 19]
889	[7, 8, 9, 10, 11, 12, 150, 151, 152, 224, 225, 226, 237, 238, 239, 240, 241, 242]
890	[]
891	[34, 35, 36, 37, 38, 39, 112, 113, 114, 115]
892	[36, 37, 38, 39, 148, 149, 150]
893	[0, 1, 2, 3, 4, 5]
894	[]
895	[58, 59, 60, 61]
896	[14, 15, 16, 17, 18, 19, 34, 35, 36, 37]
897	[23, 24, 25, 26, 40, 41, 42, 43, 44, 45, 55, 56, 57, 58, 59, 60, 61, 62, 63]
898	[0, 1, 2, 3, 4, 5, 73, 74, 75, 99, 100, 101, 112, 113, 114, 115, 116]
899	[]
900	[77, 78, 79, 80, 81, 82]
901	[141, 142, 143, 144, 145, 146]
902	[7, 8, 9, 10, 174]
903	[]
904	[]
905	[0, 1, 2, 3, 4, 5, 7, 8, 9, 10]
906	[176, 177, 178, 179, 180, 181, 185, 186, 187]
907	[64, 65, 66]
908	[2, 3, 4, 5]
909	[27, 28, 29, 30, 322, 323, 324, 325, 326, 334, 335, 336, 337, 361, 362, 363, 376, 377, 378]
910	[0, 1, 2, 3, 4, 9, 10, 11, 12, 57, 58, 59]
911	[30, 31, 32, 33, 34, 37, 38, 39, 40, 291, 292, 293, 294, 295, 296, 297, 298, 299]
912	[]
913	[10, 11, 12, 13]
914	[8, 9, 10, 11, 12]
915	[22, 23, 24, 25, 94, 95, 96]
916	[22, 23, 24, 25, 26, 127, 128, 129, 130, 131]
917	[132, 133, 134, 135]
918	[0, 1, 2, 3, 4, 5, 10, 11, 12, 13, 14, 15, 68, 69, 70, 71]
919	[]
920	[13, 14, 15, 16, 17, 18, 19, 20, 21, 22]
921	[63, 64, 65, 66, 67]
922	[41, 42, 43, 44, 45, 46]
923	[0, 1, 2, 3, 4, 68, 69, 70, 71, 73, 74, 75, 76, 77, 133, 134, 135, 136, 137, 138, 176, 177, 178, 179]
924	[50, 51, 52, 53]
925	[59, 60, 61, 62, 63, 64, 66, 67, 68, 70, 71, 72, 73, 74, 75]
926	[20, 21, 22, 23, 101, 102, 103, 104, 105, 106]
927	[44, 45, 46, 47, 48, 49, 66, 67, 68, 69, 70, 71]
928	[5, 6, 7]
929	[0, 1, 2, 20, 21, 22, 23, 24, 25, 63, 64, 65, 66, 67, 68, 69, 70, 71]
930	[36, 37, 38, 39, 40, 41, 74, 75, 76, 77, 179, 180, 181, 182, 183, 220, 221, 222, 223, 224, 225, 226, 227, 228, 229, 466, 467, 468, 469, 470, 635, 636, 637, 638, 666, 667, 668, 669, 670, 671, 824]
931	[17, 18, 19, 30, 31, 32, 125]
932	[40, 41, 42, 43, 44, 45]
933	[12, 13, 14, 15, 16, 17, 18, 75, 76, 77, 78, 79, 290]
934	[60, 61, 62, 63, 64]
935	[46, 47, 48, 49, 50, 51, 52]
936	[32, 33, 34, 174, 175, 176]
937	[9, 10, 11, 12, 13, 14, 15, 16, 17, 18]
938	[89, 90, 91, 92, 93, 100, 101, 102, 103, 104, 296, 297, 298, 299, 300, 301, 302, 303, 305, 306, 307, 308, 309]
939	[8, 9, 10, 11, 12, 13]
940	[0, 1, 2, 3, 4, 5]
941	[0, 1, 2, 3, 4, 5, 7, 8, 9, 10, 11, 12]
942	[0, 1, 2, 3, 4, 5, 14, 15, 16, 17, 18, 19]
943	[]
944	[29, 30, 31]
945	[18, 19, 20, 21, 22]
946	[5, 6, 7, 8]
947	[8, 9, 10, 11, 36, 37, 38, 39, 40]
948	[]
949	[42, 43, 44, 45, 46]
950	[17, 18, 19]
951	[40, 41, 42, 43, 44]
952	[23, 24, 25, 26, 27]
953	[198, 199, 200, 201, 202]
954	[61, 62, 63, 64, 65, 66, 147, 318, 319, 320]
955	[5, 6, 7, 8]
956	[]
957	[34, 35, 36, 37, 38, 39, 40]
958	[]
959	[6, 7, 8, 9, 82, 83, 84, 85, 86]
960	[29, 30, 31]
961	[0, 27, 28, 29, 30, 31, 32, 345, 346, 347, 348, 710, 711, 712, 713, 714, 715]
962	[43, 44, 45, 46, 47, 48]
963	[99, 100, 101, 102, 103, 104]
964	[10, 11, 12, 13, 31, 32, 33, 50, 51, 52, 53, 54]
965	[122, 123, 124, 125, 126, 127, 226, 227, 228, 229]
966	[15, 16, 17, 18, 19, 66, 67, 68, 69, 70, 71]
967	[48, 49, 50, 51, 52, 53, 54, 55, 162, 163, 164, 165, 166, 167, 168]
968	[74, 75, 76, 77, 78, 79, 80, 81, 82, 87, 88, 89, 90, 91, 92, 93, 94, 95]
969	[10, 11, 12, 13, 14, 15, 16]
970	[12, 13, 14, 15, 16, 89, 90, 91, 92, 109, 110, 111, 112, 113, 114]
971	[78, 79, 80, 81, 89, 90, 91, 92, 94, 95, 96, 97, 98]
972	[0, 1, 2, 3, 4, 36, 37, 38, 39, 40, 41, 42, 43, 44, 52, 53, 54]
973	[34, 35, 36, 37, 38, 39]
974	[17, 18, 19, 20, 21]
975	[0, 1, 2, 3]
976	[217, 218, 219, 220, 221, 233, 234, 235]
977	[]
978	[62, 63, 64, 65, 66, 67]
979	[37, 38, 39, 40, 41, 42, 68, 69, 70, 71, 72, 73]
980	[165, 166, 167, 475, 476, 477, 478, 479]
981	[7, 8, 9, 10, 11, 12]
982	[8, 9, 10, 11, 12, 13, 85, 153, 154, 155, 156, 167, 168, 169, 170, 171, 172]
983	[5, 6, 7, 8, 14, 15, 16, 17, 18]
984	[116, 117, 118, 119]
985	[122, 123, 124, 125, 126, 127, 217, 218, 219, 220, 221, 222, 223]
986	[58, 59, 60, 75, 76, 77, 78, 79, 80, 81, 82, 83, 84]
987	[205, 206, 207, 208, 209]
988	[19, 20, 21, 22, 23, 24, 25, 26]
989	[63, 64, 65, 66, 67, 68, 195, 196, 197, 198, 199, 200, 201, 202, 203]
990	[4, 5, 6, 7, 8, 51, 52, 53, 54, 55, 56, 57]
991	[]
992	[45]
993	[21, 22, 23, 24, 25, 57, 58, 59, 60]
994	[11, 12, 13, 14]
995	[64, 108, 109, 110, 111, 112, 113]
996	[8, 9, 10, 11, 12, 14, 15, 16, 17, 18]
997	[26, 27, 28, 29, 151, 152, 153, 154, 155, 197, 198, 199, 200, 201, 202, 209, 210, 211, 278, 279, 280, 281, 282, 283]
998	[14, 15, 16, 17, 18, 19, 20, 47, 48, 49]
999	[7, 8, 9, 10, 11, 12, 13, 14]
1000	[135, 136, 137, 138, 191, 192, 193, 217, 218, 219, 220, 339, 340, 341, 342, 343, 344]
1001	[5, 6, 7, 8]
1002	[109, 110, 111, 112, 113, 152, 153, 154, 165, 175, 176, 177, 178, 179, 180]
1003	[12, 13, 14, 15, 16, 88, 154, 155, 156, 157, 158, 159, 160, 240, 241, 242, 243, 244, 245]
1004	[129, 130, 131, 132, 133, 134, 135, 136, 137, 139, 140, 141, 142, 143, 144, 146, 147, 148, 149]
1005	[5, 6, 7, 8, 9, 10]
1006	[265, 506, 507, 508, 911, 912, 913, 914, 932, 933, 934, 935, 936, 937]
1007	[143, 144, 145, 146, 147, 148]
1008	[91, 92, 93, 94, 95, 96, 98, 99, 100, 101, 102, 103]
1009	[13, 14, 15, 16, 17, 51, 52, 53, 54, 55, 181, 182, 183, 376, 377, 378, 379, 380, 381, 382, 383, 384]
1010	[5, 6, 7, 8, 132, 133, 134]
1011	[]
1012	[18, 19, 20, 21, 22, 23]
1013	[0, 1, 2, 3, 4, 5]
1014	[41, 42, 43, 44, 45, 46]
1015	[33, 34, 35, 36, 37, 38, 230, 231, 232, 233, 494]
1016	[105, 106, 107, 118, 119, 120, 121, 122, 123, 156, 157, 158, 159, 160]
1017	[127, 128, 129, 130, 131, 132]
1018	[46, 47, 48, 49, 50]
1019	[3, 4, 5, 6, 7]
1020	[63, 106, 107, 108, 109, 110, 111, 112, 113, 114]
1021	[5, 6, 7, 8, 9, 10, 12, 13, 14, 15, 16, 17]
1022	[23, 24, 25, 26, 27, 28]
1023	[18, 19, 20, 21, 22, 23, 59, 60, 61, 62, 166, 167, 168, 169, 170, 171]
1024	[]
1025	[47, 48, 49, 387, 388, 389, 390, 391, 405, 406, 407, 408, 435, 436, 437]
1026	[16, 17, 18, 19, 20, 21, 22, 23]
1027	[]
1028	[166, 167, 168, 169, 170, 171, 187, 188, 189, 190, 191, 232, 233, 234, 235, 236, 237, 238, 239, 240]
1029	[200, 201, 202, 203, 204]
1030	[15, 16, 17, 24, 25, 26, 27, 28, 51, 52, 53, 54]
1031	[8, 9, 10, 11]
1032	[173, 174, 175, 176, 177, 178, 189, 190, 191, 192, 193, 194]
1033	[177, 178, 179, 180, 181, 428, 429, 430, 431, 432, 433]
1034	[0, 1, 2, 3, 4]
1035	[104, 105, 106, 107, 108, 109, 121, 122, 123, 124, 130, 340, 341, 342, 343, 344, 345, 346, 347, 348]
1036	[0, 1, 2, 3, 4, 5, 6, 7]
1037	[9]
1038	[241, 242, 243, 244, 246, 247, 248, 249, 250, 251]
1039	[12, 13, 14, 15, 16, 137, 138, 139]
1040	[14, 15, 16, 17, 18, 19, 25, 26, 27, 28]
1041	[]
1042	[29, 30, 31, 32, 110, 111, 112, 113, 114, 115, 116, 240, 241, 242]
1043	[38, 39, 40, 41, 42, 43]
1044	[135, 136, 137]
1045	[65, 66, 67, 68, 69, 133, 134, 135, 136, 137, 138]
1046	[0, 147, 148, 149, 230, 231, 232, 233, 234, 235, 236]
1047	[22, 23, 24, 25, 36, 37, 38, 39]
1048	[32, 33, 34, 35]
1049	[9, 10, 11, 12, 13, 67, 68, 69, 194, 195, 196, 197, 198, 199]
1050	[31, 32, 33, 34, 35, 72, 73, 74, 75, 76]
1051	[43, 44, 45, 46]
1052	[7, 8, 9, 10, 11, 12, 96, 97, 98]
1053	[16, 17, 18, 19, 20, 60, 61, 62]
1054	[31, 32, 33, 34, 35, 50, 51, 52, 53, 54]
1055	[88, 96, 97, 98, 99, 100, 101]
1056	[29, 30, 31, 32, 33, 34]
1057	[67, 68, 69, 70, 71, 72, 73]
1058	[8, 9, 10, 11]
1059	[4, 5, 6, 7, 8, 38, 39, 40, 41, 42, 104, 105, 106, 107, 108, 154, 155, 156, 157, 158, 159, 160]
1060	[23, 24, 25, 26, 27]
1061	[4, 204, 205, 206, 207, 208]
1062	[52, 53, 54, 55, 56]
1063	[0, 1, 2, 3, 4, 19, 20, 21, 22, 23]
1064	[]
1065	[85, 86, 87, 88, 89, 90]
1066	[92, 93, 94, 95, 96, 115, 116, 117, 118, 119]
1067	[71, 72, 73, 74, 75, 76, 106, 185, 186, 187, 188, 189, 190, 191, 192]
1068	[0, 369, 370, 371, 372, 373, 378, 379, 380, 381, 382, 383, 384, 385, 386, 387]
1069	[13, 14, 15, 16, 17, 54, 55, 56, 57, 58, 59, 61, 62, 63, 64, 253, 254, 255, 256, 257, 258]
1070	[31, 126, 127, 128, 129, 130, 240, 241, 242, 243, 249, 250, 251, 252, 253, 254, 385, 386, 387]
1071	[86, 87, 88, 89, 217, 218, 219, 220, 221, 222]
1072	[21, 22, 23, 24, 25, 32, 33, 34, 35]
1073	[248, 249, 250, 251, 252, 253]
1074	[81, 82, 83, 84, 85, 86]
1075	[227, 228, 229, 230, 231, 232, 273]
1076	[0, 1, 2, 3, 4, 108, 109, 110, 111, 193, 194, 195, 196, 197, 198]
1077	[87, 88, 89, 90, 91, 92, 93]
1078	[31, 32, 33, 34, 35, 36, 37, 38, 172, 173, 174, 175, 176, 177]
1079	[108, 109, 110, 111, 124, 125, 126, 127, 128, 129, 130]
1080	[50, 51, 52, 53, 54, 55, 56]
1081	[0, 1, 2, 3, 4, 5, 45, 46, 47, 48, 49, 50, 51, 52]
1082	[7, 8, 9, 10, 11, 24, 25, 26, 27, 28, 29, 30, 31, 47, 48, 49, 50, 78, 79, 80, 81, 82]
1083	[18, 19, 20, 21, 22, 23]
1084	[180, 181, 182, 183, 196, 197, 198, 199, 200]
1085	[10, 52, 53, 54, 55]
1086	[]
1087	[25, 26, 27]
1088	[51, 52, 53, 54, 55, 56, 58]
1089	[12, 13, 14, 15, 16, 125, 126, 127, 128, 129, 130, 171, 172, 173, 174, 175, 176, 177]
1090	[116, 117, 118]
1091	[4, 5, 6, 7, 138, 139, 140, 141, 142]
1092	[20, 21, 22, 23, 25, 26, 27, 28, 29, 30, 31]
1093	[39, 40, 41, 42, 43, 44, 45, 46, 47]
1094	[45, 46, 47, 48, 49, 50]
1095	[4, 5, 6, 7, 8, 66, 67, 68, 69, 70, 71, 185, 186, 187, 188, 189, 190, 191, 192, 194, 195, 196, 197, 198, 213, 214, 215, 216]
1096	[4, 5, 6, 7, 8, 433, 434, 435, 436, 437]
1097	[0, 25, 26, 27, 28, 29, 30, 31]
1098	[133, 134, 135, 136, 137, 138]
1099	[10, 11, 12, 13, 14, 15]
1100	[60, 61, 62, 63, 184, 185, 186, 187, 188, 189, 194, 195, 196, 197, 198, 199, 228, 229, 230, 231]
1101	[147, 148, 149, 150, 151]
1102	[22, 23, 24, 25, 26, 27, 174, 175, 176, 177, 178]
1103	[3, 4, 5, 6, 7, 8]
1104	[34, 35, 36, 37, 39, 40, 41, 42, 43, 44]
1105	[61, 62, 63, 64, 65, 66, 67, 68, 74, 75, 76, 77, 78, 79, 162, 163, 164, 165, 166, 167]
1106	[52, 53, 54, 55, 56, 57, 73, 74, 75, 76, 77, 78, 158, 159, 160, 161, 162, 163, 164, 165, 166, 169, 170, 171, 172, 173, 330, 331, 332, 333, 334, 335]
1107	[51, 52, 53, 54, 55, 136, 137, 138]
1108	[15, 16, 17, 18, 19, 20]
1109	[44, 45, 46, 75, 76, 77, 78, 79, 95, 201, 202, 203, 204, 205, 206, 207, 208, 209, 210]
1110	[149, 150, 151, 152, 153, 170, 171, 172, 173, 174, 175, 176, 177]
1111	[78, 79, 80, 186, 187, 188, 189, 190]
1112	[28, 29, 30, 31, 76, 77, 78, 106, 107, 108, 109, 110, 111, 112, 126, 127, 128, 129, 130, 148]
1113	[111, 112, 113, 114, 115, 116]
1114	[20, 21, 22, 23, 24]
1115	[20, 30, 31, 32, 33, 52, 53, 54, 55, 56, 57, 58, 59, 61, 62, 63, 64, 65]
1116	[218, 219, 220, 380, 381, 382, 383, 384]
1117	[8, 9, 10, 11, 12, 54, 55, 56, 57, 58, 59, 102, 103, 104, 105, 154, 155, 156, 157, 167, 168, 169, 170, 171, 172, 173, 174, 175]
1118	[56, 57, 58, 59, 60, 117, 118, 119, 120, 335, 336, 337, 338, 340, 341, 342, 343, 344, 345, 346]
1119	[8, 9, 10]
1120	[147, 148, 149, 150, 151, 152, 153]
1121	[177, 178, 179, 180, 181, 182, 183, 184, 185, 186]
1122	[43, 44, 45, 46, 47]
1123	[44, 45, 46, 47]
1124	[14, 15, 16, 17, 18, 19]
1125	[4, 5, 6, 7, 8, 9]
1126	[140, 141, 142, 143, 144, 145, 146, 147]
1127	[13, 14, 15, 16, 155, 156, 157, 158, 159, 160, 287, 288, 289, 290, 304, 305, 306, 307, 308]
1128	[12, 13, 14, 15, 16, 21, 22, 23, 24, 25, 26, 46, 47, 48, 49, 50, 51, 52, 53, 78, 79, 80, 81, 82, 83, 112, 113, 114, 115, 116]
1129	[7, 8, 9, 10, 11, 12, 13, 14, 15, 16]
1130	[15, 16, 17, 18, 19, 20, 21, 22, 23]
1131	[0, 1, 2, 3, 4, 24, 25, 26, 27, 28, 29, 103, 104, 105, 106, 107, 108, 109, 110, 111, 350, 351, 352]
1132	[145, 146, 147, 148, 161, 162, 163]
1133	[47, 48, 49, 50, 51]
1134	[182, 183, 184, 185, 186, 187]
1135	[21, 22, 23, 24, 25, 26, 27, 28, 29, 30]
1136	[20, 21, 22, 23, 24]
1137	[0, 131, 132, 133, 134]
1138	[32, 33, 34, 35, 36, 37, 38, 39, 40]
1139	[19, 20, 21, 22, 23]
1140	[55, 56, 57, 58, 59, 60]
1141	[]
1142	[25, 26, 27, 28, 29, 30]
1143	[0, 1, 2, 3, 4, 235, 236, 237, 238, 239, 240, 241]
1144	[0, 1, 2, 3, 4, 5, 6, 7, 22, 23, 24, 25, 77, 78, 79, 80, 81, 210, 211, 212, 213, 214, 285, 286, 287, 288, 289, 290, 291]
1145	[0, 1, 2, 3, 14, 15, 16, 17, 18]
1146	[110, 111, 112, 113, 114, 115, 116, 117, 118, 123, 124, 125, 126, 127, 128, 129]
1147	[4, 137, 138, 139, 140, 141]
1148	[13, 14, 15, 16, 17, 18, 69, 70, 71, 72, 193, 194, 195, 196, 197, 198, 199, 200, 201, 318, 319, 320, 321]
1149	[8, 9, 10, 11, 64, 80, 81, 82]
1150	[]
1151	[15, 16, 17, 18]
1152	[22, 23, 24, 25, 26, 27, 29, 30, 31, 32, 36, 37, 38, 39, 45, 46, 47, 48]
1153	[31, 32, 33, 34, 35, 44, 45, 46, 47, 48]
1154	[16, 17, 18, 19, 20, 21, 22, 23, 24, 25, 78, 79, 80, 81, 82]
1155	[23, 24, 25, 26, 27, 28, 186]
1156	[24, 25, 26, 27, 28, 29, 75, 76, 77, 78]
1157	[4, 5, 6, 7, 8, 9, 55, 56, 57, 58, 59, 60, 61, 62, 63, 64, 162, 163, 164, 165]
1158	[5, 6, 7, 8, 83, 84, 85]
1159	[0, 1, 2, 3, 4]
1160	[]
1161	[18, 19, 20, 64, 65, 66, 67]
1162	[]
1163	[39, 40, 41, 42, 43, 44]
1164	[59, 257, 258, 259, 260, 261, 262, 280, 281, 282, 283, 284, 285, 287, 288, 289, 290, 292, 293, 294, 295, 296]
1165	[79, 80, 81, 82, 83, 84, 85]
1166	[16, 17, 18, 19, 20]
1167	[7, 8, 9, 10]
1168	[62, 63, 64, 65]
1169	[]
1170	[19, 20, 21, 22]
1171	[28, 29, 30, 31, 32, 154, 155, 156, 157, 158, 159, 161, 162, 163, 164]
1172	[32, 33, 34, 35, 36, 70, 71, 72, 73, 74, 75, 79, 80, 81, 82, 83, 84, 85]
1173	[0, 1, 2, 3, 4, 5, 6, 7, 8, 9]
1174	[46, 47, 48, 49, 50, 51, 102, 103, 104, 105, 106, 119, 120, 121, 122, 123, 124, 125, 126]
1175	[26, 27, 28, 29]
1176	[37, 38, 39, 40, 41]
1177	[6, 7, 8, 9, 10, 67, 68, 69, 70, 71, 72, 73, 74, 75]
1178	[15, 16, 17, 18, 19, 34, 35, 36, 37, 38]
1179	[17, 18, 19, 20, 21, 22, 91, 97, 98, 99, 100, 101, 102]
1180	[94, 95, 96, 97, 98, 99, 100, 120, 121, 122]
1181	[5, 71, 72, 73, 74, 75, 219, 220, 221, 222, 223]
1182	[45, 46, 47, 48, 431, 432, 433, 434, 435, 436, 547, 548, 549, 550, 551, 552]
1183	[12, 13, 14, 15, 16, 17, 82, 83, 84, 85]
1184	[85, 86, 87, 88, 89, 90, 115, 116, 117, 118, 119, 125, 126, 127, 128, 129]
1185	[113, 114, 115, 203, 204, 205, 206, 207, 208]
1186	[21, 22, 23, 24, 25, 76, 77, 78, 79, 80, 81]
1187	[50, 51, 52, 53, 54, 55]
1188	[113, 114, 115, 129, 130, 131, 132, 133]
1189	[15, 16, 17, 18, 19, 20]
1190	[22, 23, 24, 76, 77, 78, 79, 80, 146, 147, 148, 149, 150, 151, 152, 153]
1191	[85, 86, 87, 88, 89]
1192	[18, 184, 185, 186, 187]
1193	[99, 100, 101, 102, 103, 104, 105, 113, 114, 115, 152, 153, 154, 155, 156, 157, 180, 181, 182, 183, 184, 185]
1194	[41, 42, 43, 44, 45, 46, 47, 48, 49, 50, 95, 96, 97, 98, 99, 187, 188, 189, 190, 191]
1195	[62, 63, 64, 65]
1196	[71, 72, 73, 74, 75, 76, 77, 78, 80, 81, 82, 83, 84]
1197	[32, 33, 34, 35, 36, 37, 73, 74, 75, 76, 77, 78, 113, 114, 115, 116, 117, 118]
1198	[68, 69, 70, 71, 72, 73, 74, 75, 76, 158, 159, 160, 161, 162]
1199	[80, 81, 82, 83, 140, 141, 142, 143, 144, 145, 195, 196, 197, 198, 199, 200, 201]
1200	[39, 40, 41, 42, 43, 44]
1201	[27, 28, 29]
1202	[0, 84, 85, 86, 87, 88]
1203	[20, 21, 22, 23, 24, 25, 26, 27, 28, 30, 31, 32, 33, 34, 119, 120, 121, 122, 123, 125, 126, 127, 128, 129, 130]
1204	[31, 32, 33, 34, 35, 39, 40, 41]
1205	[171, 172, 173, 174, 175]
1206	[25, 26, 27, 28, 29, 30, 31, 32, 33]
1207	[74, 75, 76, 77, 78, 79, 80, 82, 83, 84, 85]
1208	[11, 12, 13, 36, 37, 38, 39, 40, 41, 43, 44, 45, 46]
1209	[7, 8, 9, 10, 11]
1210	[94, 95, 96, 97]
1211	[225, 234, 235, 236, 237, 238, 239, 296, 297, 298, 299, 300, 301, 302, 303, 304, 305]
1212	[58, 59, 60, 61]
1213	[23, 120, 121, 122, 123, 124, 125]
1214	[0, 1, 2, 3, 4, 5]
1215	[0, 1, 2, 3, 4, 85, 86, 87, 88, 89, 171, 172, 173, 174]
1216	[48, 49, 50, 51, 246, 247, 248, 249, 250, 251, 252]
1217	[204, 205, 206, 207, 236, 237, 238, 239, 240, 241, 242]
1218	[14, 15, 16, 17]
1219	[200, 201, 202, 203, 204]
1220	[152, 153, 154, 155, 156, 157]
1221	[48, 49, 50, 51]
1222	[81, 82, 83, 84, 85, 86, 87, 88, 89]
1223	[35, 36, 37, 38, 39, 40, 41, 42, 90, 91, 92, 93, 94, 95, 96]
1224	[35, 36, 37, 38, 39, 40, 41]
1225	[203, 204, 205, 227, 228, 229, 230, 387, 388, 389, 390, 391, 726, 727, 728]
1226	[0, 1, 2, 3, 4, 14, 19, 20, 21, 22, 23, 24, 34, 35, 36, 37, 38, 39]
1227	[40, 41, 42, 43, 44, 45]
1228	[75, 76, 77, 78, 168, 169, 170, 171, 172, 173]
1229	[3, 4, 5, 6, 7, 8]
1230	[23, 24, 25, 26, 43, 44, 45, 46, 47, 48, 75, 76, 77, 78, 79, 80]
1231	[10, 11, 12, 13, 38, 39, 40, 41, 42, 177, 178, 179, 180, 181]
1232	[213, 214, 215, 216, 217, 218]
1233	[16, 17, 18, 19, 20, 21, 22, 23]
1234	[9, 10, 11, 12, 13, 14, 15, 16]
1235	[]
1236	[31]
1237	[76, 77, 78, 79, 80, 81, 82, 83, 84, 85, 91, 92, 93, 94, 95, 96, 97]
1238	[112, 113, 114, 115, 116, 117]
1239	[27, 28, 29, 30, 31, 77, 78, 79, 80, 81, 169, 170, 171, 172, 173, 174, 175, 176, 177]
1240	[]
1241	[20, 187, 188, 189]
1242	[73, 74, 75, 76, 77, 78, 214, 215, 216, 217, 218]
1243	[41, 42, 43, 44, 45, 46, 47, 48, 49]
1244	[64, 65, 66, 85, 86, 87, 88, 93, 94, 95, 96, 97]
1245	[79, 80, 81, 82]
1246	[127, 128, 129, 130, 131, 132, 359, 360, 361, 362, 363, 364]
1247	[84, 85, 86, 87, 88, 89]
1248	[86, 87, 88, 89, 93, 94, 95, 96]
1249	[21, 22, 23, 24, 25, 45, 46, 47, 48, 49]
1250	[82, 83, 84, 85, 86, 87, 88, 89, 157, 158, 159, 160]
1251	[173, 174, 175, 176, 177, 178, 179, 180, 181, 182]
1252	[45, 46, 47, 48, 49, 50]
1253	[203, 204, 205, 206, 207, 328, 355, 356, 357, 417, 418, 419, 420, 421, 422, 423, 424, 442, 443, 444, 445, 446, 447]
1254	[]
1255	[10, 11, 12, 13, 14]
1256	[]
1257	[20, 21, 22, 23, 24, 25, 26, 54, 55, 56, 57, 58, 59, 60, 61, 62, 63]
1258	[83, 84, 85, 86, 121, 122, 123]
1259	[76, 77, 78, 100, 101, 102, 103, 104, 105, 124, 125, 126, 127, 128, 129, 130, 131, 133, 134, 135, 136, 137, 138]
1260	[]
1261	[0, 1, 2, 3, 4, 5, 55, 56, 57, 58, 59, 60, 61, 62, 63, 64, 269, 270, 271, 272, 287, 288, 289, 290, 291, 292, 376, 377, 378, 379, 380]
1262	[8, 9, 10, 11, 12, 57, 58, 59, 60, 61, 62]
1263	[23]
1264	[41, 93, 94, 95, 96, 335, 336, 337, 338, 339, 340, 341, 383, 384, 385, 386, 387, 427, 428, 429, 430, 446, 447, 448, 449]
1265	[19, 20, 21, 22, 23, 24, 25, 26]
1266	[]
1267	[0, 1, 2, 3, 4]
1268	[14, 15, 16, 17, 18, 19, 20, 21, 52, 53, 54, 55, 56]
1269	[63, 64, 65, 66, 68, 69, 70]
1270	[0, 1, 2, 3, 4, 5, 7, 8, 9, 10, 56, 57, 58, 59]
1271	[27, 28, 29, 30, 31, 32, 33, 107, 108, 109, 110, 141, 142, 143, 159, 160, 161, 162, 163, 186, 187, 188, 227, 228, 229, 230]
1272	[85, 86, 87, 168, 169, 170, 171, 172, 173, 174, 175]
1273	[4, 5, 6, 7, 8, 9, 10, 11, 29, 30, 31]
1274	[15, 16, 17, 18, 19, 36, 37, 38, 39, 40, 41, 144, 145, 146, 147, 148, 149, 150, 151]
1275	[1, 143, 144, 145, 146, 163, 164, 165, 166, 167, 168, 328, 329, 330, 346, 347, 348, 349, 350]
1276	[171, 172, 173, 174, 175, 176]
1277	[48, 49, 50, 51, 52, 53, 55, 56, 57, 58, 59, 60, 61]
1278	[64, 157, 158, 159, 160, 161, 162]
1279	[0, 1, 2, 3, 4, 5, 6, 9, 33, 34, 35, 36]
1280	[38, 39, 40, 41, 42, 56, 57, 58, 59, 60, 61, 62, 63, 64, 65]
1281	[10, 11, 12, 13, 14, 36, 37, 38, 39, 40]
1282	[0, 1, 2, 3, 4, 5, 6, 7, 8, 124, 977, 978, 979, 980, 981, 982, 983, 984, 985, 986, 988, 989, 990, 991, 992, 993, 994, 995, 996, 997]
1283	[74, 75, 76, 77, 78, 79, 80]
1284	[4, 5, 6, 7, 8, 9, 24, 25, 26, 27, 28, 29]
1285	[23, 24, 25, 26, 27]
1286	[0, 1, 2, 3, 4, 18, 19, 20, 21, 22, 23, 24, 25]
1287	[]
1288	[28, 29, 30, 31, 32]
1289	[31, 32, 33, 34, 35, 36, 37, 38, 39, 139, 140, 141, 142]
1290	[]
1291	[]
1292	[0, 1, 2, 3, 4, 21, 22, 23, 24, 151, 229, 230, 231, 232, 233, 234, 235]
1293	[16, 17, 18, 19, 20, 21, 81, 82, 83, 84, 85, 86, 87]
1294	[62, 150, 151, 152, 153, 154, 270, 271, 272, 273, 274, 275, 293, 294, 295, 296, 297]
1295	[29, 30, 31, 32, 33, 34]
1296	[87, 88, 89, 90, 91, 92, 93, 94]
1297	[8, 9, 10, 11]
1298	[13, 14, 15, 16, 17]
1299	[155, 156, 157, 158, 159, 160, 161]
1300	[]
1301	[97, 98, 99, 100, 101]
1302	[7, 8, 9, 10, 11]
1303	[19, 20, 21, 22, 23, 24]
1304	[30, 31, 32, 33, 34, 35]
1305	[41, 42, 43, 44, 45, 368, 369, 370, 371, 372, 373, 792, 793, 794, 795]
1306	[30, 31, 32, 33, 34, 35, 36, 37, 38]
1307	[14, 15, 16, 17, 18, 19, 119]
1308	[91, 92, 93]
1309	[71, 72, 73, 86, 87, 88, 89]
1310	[69, 85, 86, 87, 88, 89, 90, 288, 289, 290, 291, 293, 294, 295, 296]
1311	[100, 101, 102, 103, 104, 105, 161, 162, 163, 164, 165, 166, 167, 168, 169]
1312	[2, 3, 4, 5, 40, 41, 42]
1313	[22, 23, 24, 25, 26, 30]
1314	[8, 9, 10, 11, 12]
1315	[]
1316	[5, 6, 7, 8, 29, 30, 31, 32, 33, 34, 39, 40, 41, 77, 78, 79]
1317	[96, 97, 98, 99]
1318	[156, 157, 158, 159, 160, 161, 162, 163, 164, 230, 231, 232, 233, 234, 288, 289, 290, 300, 301, 302, 303, 304, 305]
1319	[0, 1, 2, 3, 4, 5, 187, 188, 189, 190]
1320	[8, 9, 10, 11, 12, 13]
1321	[144, 145, 146, 147]
1322	[28, 29, 30, 31, 32, 64, 65, 66, 67, 68, 69, 152, 153, 154, 155]
1323	[0, 1, 2, 3, 4, 5]
1324	[129, 130, 131, 132, 138, 139, 140, 141]
1325	[]
1326	[137, 138, 139, 140, 141, 142, 143, 176, 177, 178]
1327	[26, 27, 28, 29]
1328	[76, 77, 78, 156, 157, 158]
1329	[19, 20, 21, 22, 23, 24]
1330	[]
1331	[28, 29, 30, 31, 32, 97, 98, 99, 100, 101]
1332	[19, 20, 21, 22, 23, 26, 27, 28, 29, 30]
1333	[36, 37, 38, 39, 40, 41, 42, 98, 99, 100, 101, 102]
1334	[15, 16, 17, 18, 19]
1335	[9, 10, 11, 12, 13, 58, 59, 60, 61, 62, 63, 64, 65, 66, 195, 196, 197, 198, 199]
1336	[]
1337	[136, 137, 138, 139, 321, 322, 323]
1338	[62, 63, 64, 65, 66, 67, 68, 69, 70, 246, 247, 248, 249, 250]
1339	[21, 22, 23, 24, 25, 26, 78, 79, 80, 81, 82]
1340	[]
1341	[129, 155, 156, 157, 158, 159, 160, 161, 162]
1342	[153, 154, 155, 156, 157, 158, 213, 214, 215, 256, 257, 258, 259, 260]
1343	[9, 10, 11, 12, 62, 63, 64, 219, 220, 221, 222, 223, 224]
1344	[62, 63, 64, 65, 66, 117, 118, 119, 120, 121, 122]
1345	[83, 84, 85, 86, 87, 88, 89, 90]
1346	[9, 10, 11, 12, 63, 64, 65, 66, 87, 207, 208, 209, 210, 211, 212, 263, 264, 265]
1347	[54, 55, 56, 57, 58]
1348	[30, 31, 32, 33, 34]
1349	[]
1350	[28, 29, 30, 31]
1351	[158, 159, 160, 161, 162, 163, 330, 331, 332, 333, 334, 335, 336, 337]
1352	[0, 1, 2, 3, 4]
1353	[115, 116, 117, 118, 119, 120]
1354	[75, 76, 77, 78, 79, 80, 211, 212, 213, 214, 215, 216]
1355	[0, 1, 2, 3, 4, 32, 33, 34, 35, 36, 63, 64, 65, 66]
1356	[]
1357	[10, 11, 12, 55, 56, 57, 58]
1358	[6, 7, 8, 9, 41, 42, 43]
1359	[26, 27, 28, 29, 30]
1360	[16, 17, 18, 19, 20, 21, 22, 23, 24, 25]
1361	[17, 18, 19, 20, 21]
1362	[102, 103, 104, 105, 106, 107, 109, 110, 111, 112]
1363	[]
1364	[240, 241, 242, 243, 244]
1365	[]
1366	[19, 20, 21, 22, 292, 293, 294, 295]
1367	[]
1368	[0, 1, 2, 3, 18, 19, 20, 21]
1369	[58, 59, 60, 61, 96, 97, 98, 99, 100, 110, 111, 112, 113, 114, 117, 118, 119, 223, 224, 225, 226, 227, 228, 229, 230, 231]
1370	[0, 24, 25, 26, 27, 28, 79, 80, 81, 82, 83, 84, 85, 86, 94, 95, 96, 97, 98, 99]
1371	[52, 66, 67, 68, 69, 82, 83, 84]
1372	[150, 151, 152, 153, 154, 155, 156, 157, 158]
1373	[]
1374	[25, 26, 27, 28, 29]
1375	[67, 68, 69, 70, 71, 72, 73, 74, 75, 76]
1376	[10, 11, 12, 13, 14, 15]
1377	[10, 11, 12, 13, 14, 15, 16, 17, 50, 51, 52, 53]
1378	[7, 8, 9, 10, 20, 21, 22, 23, 24, 25]
1379	[155]
1380	[9, 10, 11, 12, 13, 14]
1381	[24, 25, 26, 27, 98, 173, 174, 175, 176, 177]
1382	[17, 18, 19, 20, 62, 63, 64]
1383	[]
1384	[3, 4, 5, 6]
1385	[10, 11, 12, 13, 63, 64, 65, 66, 67, 70, 142, 143, 144, 145, 146, 147, 148, 149]
1386	[95, 96, 97]
1387	[0, 41, 42, 43, 44, 45, 46, 48, 49, 50, 51, 52, 53]
1388	[17, 18, 19, 20, 21, 23, 24, 25, 26, 33, 34, 35, 36, 37]
1389	[4, 5, 6, 7, 8, 9, 122, 123, 124, 125, 126, 127, 128]
1390	[198, 199, 200, 201, 202, 203, 204, 205]
1391	[]
1392	[18, 19, 20, 21]
1393	[130]
1394	[26, 27, 28, 29, 30, 31]
1395	[15, 16, 17, 18, 19, 123, 124, 125, 126, 127]
1396	[222, 223, 224, 348, 349, 350, 351]
1397	[45, 46, 47, 48, 49, 50, 78, 79, 80, 81, 82, 83, 84, 85]
1398	[62, 63, 64, 65, 66, 67, 68, 69, 70, 71]
1399	[61, 62, 63, 64, 65, 75, 76, 77, 78, 89, 90, 91, 146, 147, 148, 149, 150, 151]
1400	[12, 13, 14, 15, 16, 17]
1401	[46, 47, 48, 49]
1402	[8, 9, 10, 11, 12, 13, 14]
1403	[25, 26, 27, 28, 66, 67, 68, 69, 70, 71]
1404	[33, 34, 35, 36, 37, 38, 295, 296, 297, 701, 702, 703, 704, 705]
1405	[0, 141, 142, 143, 144, 145, 146, 147, 148, 149, 150]
1406	[0, 214, 215, 216, 217, 218, 219]
1407	[19, 20, 21, 22, 23, 24]
1408	[0, 1, 2, 3, 4, 5, 6, 7, 8, 9, 439]
1409	[17, 18, 19, 20, 108, 109, 110]
1410	[0, 1, 2, 3, 4, 30, 31, 32, 33, 34, 35, 57, 58, 59, 60, 61, 62, 63, 64]
1411	[59, 60, 61, 62, 63, 146, 147, 148, 149, 150, 151]
1412	[39, 40, 41]
1413	[13, 14, 15, 16, 47, 48, 49, 50, 51, 52, 98, 99, 100, 244, 245, 246]
1414	[]
1415	[0, 123, 124, 125, 181, 182, 183, 184, 185, 186]
1416	[0, 123, 124, 125, 126, 127, 128]
1417	[14, 15, 16, 17, 18, 19, 40, 41, 42, 43, 44, 305, 306, 307, 308]
1418	[28, 29, 30, 31, 32, 33, 34, 35, 36, 37]
1419	[251, 252, 253, 254, 255, 256, 257, 258, 259, 313, 314, 315, 316, 317, 322, 323, 324, 325, 326]
1420	[176, 469, 470, 471, 472, 473, 474, 475, 476, 478, 479, 480, 481, 482, 483, 509, 510, 511, 512, 513, 514, 515, 516, 517]
1421	[21, 22, 23, 24, 25, 26, 27, 28, 144, 145, 146, 147, 257, 410, 411, 412, 686, 687, 688, 689, 698, 699, 700, 701, 702]
1422	[12, 13, 14, 15, 16, 17]
1423	[119, 120, 121, 122, 123, 130, 131, 132, 133, 134, 135, 194, 195, 196, 197, 198, 199, 251, 252, 253, 254, 255, 256, 257, 258, 259, 260]
1424	[12, 13, 14, 15, 16, 17]
1425	[61, 62, 63, 64, 65, 66, 67, 68, 70, 71, 72, 73, 74, 75, 76]
1426	[11, 12, 13, 14, 15, 118, 119, 120, 121]
1427	[36, 37, 38, 39, 40]
1428	[0, 1, 2, 3, 4, 24, 25, 26, 27, 310]
1429	[]
1430	[7, 8, 9, 10, 36, 37, 38, 39, 40, 62, 63, 64, 65, 66, 67, 89, 90, 91, 104, 377, 378, 379, 380]
1431	[77, 78, 79, 80]
1432	[42, 43, 44, 45, 46, 47, 48, 124, 125, 126, 127]
1433	[11, 12, 13, 14, 15]
1434	[12, 13, 14, 15, 16]
1435	[93, 94, 95, 96, 97, 98, 99, 100, 101]
1436	[0, 1, 2, 3, 4, 8, 9, 10, 11, 12, 13, 14, 15, 16, 17, 166, 167, 168, 169, 334, 335, 336, 337, 338, 339, 340]
1437	[27, 28, 29, 30, 31, 32, 39, 40, 41, 42, 43, 54, 55, 56, 57, 83, 84, 85, 86, 92, 93, 94, 95, 96, 97]
1438	[39, 40, 41, 42]
1439	[]
1440	[43, 44, 45, 65, 66, 67, 68, 95, 96, 97, 98, 99, 100]
1441	[230, 231, 232, 284, 285, 286, 287, 288, 289, 290, 291]
1442	[]
1443	[112, 113, 114, 115, 116, 117]
1444	[76, 77, 78, 79, 155, 156, 157, 308]
1445	[179, 180, 181, 182, 329, 330, 331, 332]
1446	[0, 231, 232, 233, 234, 235, 438, 439, 440, 441, 442, 460, 461, 462, 463, 464, 465, 523, 524, 525, 526, 527, 528, 529, 530]
1447	[34, 35, 36, 37]
1448	[176, 177, 178, 179, 180, 181, 248, 249, 250, 251, 252, 253]
1449	[23, 24, 25, 26, 27, 28, 29, 30, 31, 81, 82, 83, 84, 85, 87, 88, 89, 90, 91]
1450	[12, 13, 14]
1451	[62, 63, 64, 65, 66, 93, 94, 95, 96, 97]
1452	[2, 3, 4, 5]
1453	[5, 6, 7, 8, 9, 10, 125, 126, 127, 128, 129, 273, 274, 275]
1454	[17, 18, 19, 129, 130, 131, 132, 133, 134, 214, 215, 216, 217, 219, 220, 221, 222, 223, 224, 305, 306, 307, 308]
1455	[0, 1, 2, 3, 4]
1456	[68, 69, 70, 71, 72, 73, 74, 75]
1457	[4, 5, 6, 7, 8, 9, 10, 11]
1458	[60]
1459	[507, 508, 509]
1460	[]
1461	[48, 49, 50, 51, 52, 53, 54, 154, 275, 276, 277, 278, 279, 280, 281, 282]
1462	[134, 148, 149, 150]
1463	[329, 330, 331, 332, 333, 334, 449, 450, 451, 452, 453, 481, 482, 483]
1464	[]
1465	[98, 99, 100, 101]
1466	[5, 6, 7, 8, 163, 164, 165, 166, 167]
1467	[0, 29, 30, 31, 32, 33, 60, 61, 62, 63, 64, 65, 130, 131, 132, 133]
1468	[87, 88, 89, 90]
1469	[29, 157, 158, 159]
1470	[59, 60, 61, 62, 106, 107, 108, 109, 110, 111, 112, 113, 114, 115, 161, 162, 163, 164]
1471	[40, 41, 42, 43, 44, 45, 105]
1472	[9, 10, 11, 12, 13, 14, 144, 195, 196, 197, 198, 199, 200, 318, 319, 320, 321, 322, 323]
1473	[57, 58, 59, 60, 61, 81, 82, 83, 84, 103]
1474	[20, 21, 22, 23]
1475	[130, 131, 132, 133, 134]
1476	[292, 293, 294, 295, 296, 297, 298, 364, 365, 366, 367, 368, 369, 396, 397, 398, 399]
1477	[11, 12, 13, 230, 231, 232, 233, 234, 235, 279, 280, 281, 282, 283, 284, 285, 303, 304, 305, 306]
1478	[]
1479	[373, 374, 375, 376, 377, 378, 379, 380, 381]
1480	[13, 14, 15, 16]
1481	[273, 274, 275, 277, 278, 279, 280, 349, 350, 351, 411, 412, 413, 414, 415]
1482	[141, 142, 143, 144, 145, 146]
1483	[64, 65, 66, 360, 361, 362, 363, 364, 365]
1484	[14, 15, 16, 17, 18, 19, 20, 21]
1485	[]
1486	[33, 34, 35, 36]
1487	[11, 12, 13, 14, 15]
1488	[140, 141, 142, 143, 144, 145]
1489	[56, 57, 58, 59, 60, 120, 121, 122, 123, 124, 125, 126, 127, 355, 356, 357, 358, 359, 491, 492, 493, 494, 495, 496, 497, 498, 523, 524, 525]
1490	[29, 30, 31, 32, 33, 34, 35, 36, 37, 38]
1491	[10, 11, 12, 13, 14, 27, 28, 29, 30, 31, 32, 125]
1492	[135, 136, 137, 138, 139, 140]
1493	[0, 1, 2, 3, 4, 5]
1494	[68, 194, 195, 196, 197, 198, 199]
1495	[30, 31, 32, 33, 34, 35, 41, 42, 43, 44, 45, 126, 127, 128, 129, 218, 219, 220]
1496	[0, 1, 2, 3, 4, 22, 23, 24, 25, 26, 38, 39, 40, 49, 50, 51, 52]
1497	[63, 64, 65, 66, 67]
1498	[0, 1, 2, 3, 4, 75, 76, 77, 78, 79]
1499	[40, 41, 42, 43]
1500	[95, 96, 97, 98, 99, 100]
1501	[106]
1502	[35, 36, 37]
1503	[68, 69, 70, 71, 73, 74, 75, 76]
1504	[50, 51, 52, 53]
1505	[49, 50, 51, 180, 181, 182, 183, 184, 185, 186, 217, 218, 219, 220, 221, 222, 482, 483, 484, 485, 486, 487]
1506	[0, 1, 2, 3, 4]
1507	[15, 16, 17, 18, 19, 20, 161, 162, 163, 164, 165, 166, 167, 168]
1508	[18, 19, 20, 21, 22]
1509	[12, 13, 14, 15, 16, 17, 18, 19, 72, 73, 74, 75, 76, 114, 115, 116, 117, 118, 119]
1510	[0, 1, 2, 3, 28, 29, 30, 31, 32]
1511	[99, 100, 101, 102, 103, 111, 112, 113, 114, 115, 116, 117, 118]
1512	[77, 78, 79, 80, 82, 83, 84, 85, 86, 601, 776, 777, 778, 779]
1513	[95, 96, 97, 98, 99, 100]
1514	[108, 109, 110, 111, 112, 171, 240, 241, 242, 243, 244]
1515	[39, 40, 41, 42, 43, 44, 45]
1516	[]
1517	[70, 71, 72, 73, 74]
1518	[115, 116, 117, 118, 119, 212, 263, 264, 265, 397, 398, 399, 400, 401, 402, 425, 426, 427, 428, 429, 430, 431, 432, 433]
1519	[120, 121, 122, 123, 124]
1520	[53, 54, 55, 56]
1521	[44, 45, 46, 47, 48, 49, 77, 78, 79, 80, 81, 82, 83, 84, 85, 212, 213, 214, 215, 216, 217, 218]
1522	[]
1523	[18, 19, 20, 21, 22, 23]
1524	[13, 14, 15, 16, 17, 18, 80, 81, 82, 83, 84]
1525	[61]
1526	[5, 6, 7, 8, 9, 10, 38, 39, 40, 41, 42, 43, 143, 144, 145, 146, 147, 195, 196, 197, 198, 199, 200]
1527	[]
1528	[24, 25, 26, 27, 255, 256, 257, 258, 259]
1529	[28, 29, 30, 31, 32, 33, 34]
1530	[52, 53, 54, 55, 56]
1531	[68, 69, 70, 71, 134, 135, 136, 193, 194, 195, 196, 197, 198, 297, 298, 299, 300]
1532	[43, 44, 45, 46, 47, 48, 49, 50]
1533	[0, 1, 2, 3]
1534	[238, 239, 240, 241, 242]
1535	[3, 4, 5, 6, 7, 8, 146]
1536	[245, 246, 247, 969, 970, 971, 972]
1537	[31, 32, 33, 34, 35, 36, 46, 47, 48, 78, 79, 80, 81]
1538	[]
1539	[138, 139, 140, 141, 142]
1540	[10, 11, 12, 13]
1541	[0, 1, 2, 3, 4, 5, 65]
1542	[466, 467, 468, 469, 470, 471, 521, 522, 523, 524, 525, 581, 582, 583, 584, 599, 600, 601, 602, 603, 604, 606, 607, 608, 609]
1543	[]
1544	[]
1545	[308, 309, 310, 311, 312]
1546	[136, 137, 138, 139, 140, 224, 225, 226, 227, 228, 284, 285, 286, 287, 288, 289]
1547	[73, 74, 75, 76, 77]
1548	[239, 240, 241, 242, 243]
1549	[123, 124, 125, 695, 696, 697, 698]
1550	[36, 37, 38, 39, 40, 140, 141, 142, 143, 144]
1551	[0, 1, 2, 3, 4, 11, 12, 13, 14, 120, 121, 122, 123, 124]
1552	[1, 2, 3, 35, 36, 37, 38, 39]
1553	[40, 41, 42, 43, 44, 116, 117, 118, 119, 160, 161, 162, 163, 164, 176, 177, 178, 179]
1554	[0, 1, 2, 3, 4, 5, 6, 7, 9, 10, 11, 12, 13, 19, 20, 21, 22, 23, 51, 52, 53]
1555	[8, 9, 10, 11, 12, 13, 59, 60, 61]
1556	[62, 63, 64, 65, 66]
1557	[4, 5, 6, 7]
1558	[0, 79, 80, 81, 132, 133, 134, 135, 136, 138, 139, 140, 141, 142, 143, 156, 157, 158, 159, 160, 161, 381, 382, 383, 384, 385]
1559	[8, 9, 10, 11]
1560	[24, 25, 26, 27]
1561	[8, 9, 10, 11, 12, 13, 14, 15, 86, 87, 88, 89]
1562	[69, 70, 71, 72, 73, 93, 249, 250, 251, 252, 308, 309, 310, 414, 415, 416, 441, 442, 443, 444, 445, 446, 447, 529, 530, 531, 532]
1563	[39, 40, 41, 42, 43, 44, 45, 46, 47]
1564	[56, 57, 58, 59, 60, 61]
1565	[9, 10, 11, 12, 13, 14, 16, 17, 18, 19]
1566	[28, 29, 30, 31, 32, 201, 202, 203, 204, 205, 206, 207, 208, 209]
1567	[99, 100, 101, 102, 103, 104]
1568	[132]
1569	[0, 1, 2, 3, 4, 52, 53, 54, 55, 56, 57, 58, 475, 476, 477, 478, 479, 480, 481, 482, 483]
1570	[]
1571	[14, 121, 122, 123, 124, 125]
1572	[50, 51, 52, 53, 54, 96, 97, 98, 99, 167, 168, 169, 170, 171, 280, 281, 282, 283, 284, 285, 286, 287, 288]
1573	[0, 1, 2, 3, 4, 37, 38, 39, 40, 41, 42, 43, 44, 45, 46, 48, 49, 50]
1574	[85, 86, 87, 88, 89, 90]
1575	[47, 48, 49, 50, 51, 342, 343, 344, 345]
1576	[62, 63, 64, 65, 66, 67, 263, 264, 265, 266, 267, 268, 514, 515, 516, 517, 522, 523, 524]
1577	[106, 107, 108, 109, 190]
1578	[40, 41, 42, 43, 44, 45, 46, 180, 181, 182, 183, 184, 291, 292, 293, 294, 295, 352, 353, 354]
1579	[36, 37, 38, 39, 105, 106, 107, 108, 109, 110, 111, 121, 122, 123, 124, 125, 127, 128, 129, 130, 131]
1580	[12, 169, 170, 171, 172, 173]
1581	[4, 5, 6, 7, 8, 9, 107, 108, 109, 110, 111, 194, 195, 196]
1582	[9, 10, 11, 12, 13, 43, 53, 54, 55, 56]
1583	[12, 13, 14, 15, 16, 39, 40, 41, 42, 115, 116, 117, 118, 119, 120]
1584	[10, 11, 12, 13, 14, 15, 16, 17, 18, 56, 165, 166, 167, 168, 169, 338, 339, 340, 341, 342, 343, 381, 382, 383, 563, 564, 565, 566]
1585	[15, 16, 17, 18, 19, 66, 67, 68, 188, 189, 190, 191, 192, 197, 198, 199, 200, 201, 202, 223, 224, 225, 226, 227]
1586	[0, 116, 117, 118, 119, 120, 281, 282, 283, 284, 285, 286, 287]
1587	[4, 5, 6, 7, 8, 9]
1588	[15, 16, 17, 18, 19, 49, 50, 51, 52, 53, 54, 116, 117, 118, 119, 120]
1589	[19, 20, 21, 22, 23, 30, 31, 32, 33, 77, 78, 79, 80, 81, 82, 110, 111, 112, 113, 126, 127, 128]
1590	[82, 83, 84, 85, 86, 87, 88, 89, 113, 114, 115, 116, 117, 118]
1591	[]
1592	[275, 276, 277, 278, 321, 322, 323, 538, 539, 540, 541, 542, 543, 544]
1593	[50, 51, 52, 53, 54, 55, 173, 174, 175, 176, 177, 178, 204, 205, 206]
1594	[26, 27, 28, 29, 30, 31, 114, 115, 116, 117, 118, 132]
1595	[55, 56, 57, 58, 59, 60]
1596	[10, 11, 12, 13, 14]
1597	[228, 229, 230, 231, 232, 233, 234, 250, 251, 252, 253, 254, 255, 256]
1598	[10, 11, 12, 13, 14, 15, 16, 17, 18, 19, 118, 119, 120, 121, 122, 123, 261, 262, 263, 264, 265, 266]
1599	[78, 79, 80, 81, 82, 83, 84]
1600	[88, 89, 90, 91, 92, 93, 465, 466, 467, 468, 469, 470, 471, 472, 473, 474]
1601	[113, 114, 115, 121, 122, 123, 215, 216, 217, 218, 219, 220]
1602	[92, 97, 98, 99, 100, 808, 809, 810, 811, 812, 813]
1603	[123, 124, 125, 126, 127, 128, 220, 221, 222, 223, 236, 237, 238, 239, 240, 241, 242]
1604	[25, 26, 27, 28, 29, 42, 43, 44, 45, 46, 135, 136, 137, 138, 139, 173, 174, 175]
1605	[16, 17, 18, 71, 72, 73, 74, 79, 80, 81, 82, 83, 133, 134, 135, 136, 137]
1606	[18, 19, 20, 21, 22, 23, 24, 25]
1607	[15, 16, 17, 18, 19, 20]
1608	[81, 82, 83, 84, 85, 86]
1609	[1, 2, 3, 9, 10, 11, 12]
1610	[41, 42, 43, 44, 45, 46, 47, 48, 49]
1611	[62, 63, 64, 65, 66, 67, 68, 70, 71, 72, 73, 74]
1612	[14, 15, 16, 17, 18]
1613	[327, 328, 329, 426, 427, 428, 429, 430, 431, 432, 433, 434, 435, 543, 544, 545, 546, 547, 548]
1614	[25, 26, 27, 60, 61, 62, 63, 64, 65, 66, 142, 143, 144, 145, 146, 151]
1615	[34, 35, 36, 37, 38, 39, 40, 41, 42]
1616	[]
1617	[62, 63, 64, 65, 66]
1618	[96, 97, 98, 99, 100, 101, 102]
1619	[20, 21, 22, 23, 24, 25, 58, 59, 60, 61]
1620	[]
1621	[55, 56, 57, 58, 59, 60]
1622	[10, 11, 12, 13, 14, 15, 16, 17, 18, 58, 59, 60, 61, 62]
1623	[19, 20, 21, 22, 23, 24, 25, 26, 27]
1624	[27, 28, 29, 30, 31, 82, 83, 84, 85]
1625	[61, 62, 63, 64, 65, 66]
1626	[25, 26, 27, 28, 29, 30, 142, 143, 144, 145]
1627	[11, 12, 13, 14, 15, 16, 17, 18, 20, 21, 22, 23, 46, 47, 48, 49, 50, 51, 52, 200, 201, 202, 203, 204, 205, 206, 207, 208, 236, 237, 238, 239, 240, 241, 243, 244, 245, 246]
1628	[22, 31, 32, 33, 34, 35]
1629	[383, 384, 385, 386, 387, 388, 480, 481, 482, 483, 489, 490, 491, 492, 493, 494, 495]
1630	[102, 261, 262, 263, 264, 354, 355, 356, 357, 358, 382, 383, 384, 385, 386, 387, 430, 431, 432]
1631	[7, 8, 9, 10, 11, 13, 14, 15]
1632	[100, 101, 102, 103, 104, 105, 196, 197, 198, 199]
1633	[28, 29, 30, 31]
1634	[19, 20, 21, 22, 77, 78, 79, 80, 81, 82, 115, 116, 117]
1635	[29, 30, 31, 32, 33, 34, 77, 78, 79, 80, 81]
1636	[31, 61, 62, 63, 64, 65, 66]
1637	[34, 35, 36]
1638	[30, 31, 32, 541, 542, 543, 544]
1639	[18, 26, 27, 28, 29, 30]
1640	[101, 102, 103, 104, 105, 112, 113, 114, 115]
1641	[114, 115, 116, 117, 118, 119, 120]
1642	[47, 48, 49, 50]
1643	[31, 32, 33, 34]
1644	[88, 89, 90, 91, 92, 99, 100, 101, 102, 107, 108, 109, 110, 111, 142, 143, 144, 145, 146, 147, 162, 163, 164]
1645	[49, 50, 51, 52, 53, 54]
1646	[12, 13, 14, 15, 16, 17, 89, 90, 91, 312, 313, 314, 315, 316, 317, 318, 319, 320, 321, 328, 329, 330, 530, 561, 562, 563, 564, 565, 718, 719, 720, 721, 722, 723, 724, 725]
1647	[0, 1, 2, 3, 4, 5, 6, 7, 8]
1648	[118, 119, 120, 121, 122, 123]
1649	[14, 15, 16, 17, 64, 65, 66, 67, 68, 69, 70, 71, 73, 74, 75, 76, 77, 78, 79, 80, 81]
1650	[14, 15, 16, 17, 18, 19, 20, 21, 23, 24, 25, 26, 27, 64, 65, 66, 67, 68, 69]
1651	[]
1652	[12, 13, 14, 15]
1653	[16, 17, 18, 19, 20, 21, 49, 50, 51]
1654	[]
1655	[10, 11, 12, 13, 14, 95, 96, 97, 98, 99, 100]
1656	[55, 56, 57, 58]
1657	[0, 1, 2, 3, 4, 54, 106, 107, 108, 109, 110, 111, 113, 114, 115, 116, 117, 118]
1658	[58, 59, 60, 61, 62, 63, 263, 264, 265, 286, 287, 288, 289, 290, 291, 292, 293, 294]
1659	[12, 13, 14, 15, 65, 66, 67, 96, 97, 98, 99, 100]
1660	[40, 41, 42, 43, 44, 45, 46, 47, 49, 50, 51, 52, 53, 153, 154, 155, 156, 157, 158, 160, 161, 162, 163]
1661	[38, 39, 40, 41, 42, 43, 44, 134, 154, 155, 156, 157, 158]
1662	[66, 67, 68]
1663	[57, 58, 59, 60, 61, 62, 63, 64, 66, 67, 68, 69, 70]
1664	[]
1665	[22, 23, 24, 25, 26, 27, 79, 80, 81, 82, 83, 84]
1666	[20, 21, 22, 23, 24, 25, 26, 27, 58, 59, 60, 61, 275, 276, 277, 278, 279, 280, 281, 282, 283]
1667	[56, 57, 58, 59, 60, 62, 63, 64, 187, 188, 189, 301]
1668	[0, 1, 2, 3, 4, 31, 32, 33, 65, 66, 67, 68, 69, 70, 303]
1669	[31, 32, 33, 34, 35, 36, 37, 38, 39]
1670	[49, 50, 51, 52, 69, 70, 71, 72]
1671	[51, 52, 53, 54]
1672	[29, 30, 31, 32, 33, 34, 74, 114, 115, 116, 117, 201, 202, 203, 204, 205]
1673	[12, 13, 14]
1674	[0, 1, 2, 3, 4, 67, 68, 69, 70, 71, 72, 73, 109, 110, 111, 112, 113, 114, 115, 116, 201, 202, 203, 204, 205, 206, 207, 208]
1675	[113, 114, 115, 116, 117]
1676	[115, 116, 117, 118, 163, 164, 165]
1677	[]
1678	[7, 8, 9, 10, 11]
1679	[]
1680	[12, 13, 14, 15, 35, 36, 37, 38, 39, 62, 63, 64, 65, 66]
1681	[52, 53, 54, 55, 56, 191, 192, 193, 194, 195, 196]
1682	[89, 90, 91, 92, 93, 94]
1683	[271, 272, 273, 274, 275, 276, 277, 279, 280, 281, 282, 283, 284]
1684	[122, 123, 124, 155, 156, 157, 158, 159, 160]
1685	[8, 9, 10, 11, 12]
1686	[]
1687	[128, 129, 130, 131, 132, 133, 301, 302, 303, 304]
1688	[21, 22, 23, 144, 145, 146, 147, 148]
1689	[0, 1, 2, 3, 4, 11, 12, 13, 14, 15, 16, 59, 60, 61, 63, 64, 65, 66, 67, 68, 70, 71, 72, 73]
1690	[137, 138, 139, 140, 141]
1691	[10, 11, 12, 13, 14, 15, 40, 41, 42]
1692	[18, 19, 20, 21, 55, 56, 57, 58, 72, 73, 74, 75]
1693	[51, 52, 53, 54, 55, 56, 57, 58]
1694	[13, 14, 15, 16, 17, 49, 50, 51, 52]
1695	[13, 14, 15, 16, 17, 18, 19, 20, 21]
1696	[40, 41, 42, 43, 44, 45, 100, 101, 102, 103, 104, 105, 107, 108, 109]
1697	[86, 87, 88, 89, 240, 409, 410, 411, 412, 413, 414, 415, 416]
1698	[109, 110, 111, 112, 113, 114, 115, 116, 117]
1699	[65, 66, 67, 68, 69, 70, 71, 72, 73]
1700	[88, 89, 90, 91, 92, 93, 95, 96, 97, 98, 99, 100]
1701	[33, 34, 35, 36, 37]
1702	[4, 5, 6, 7, 8, 17, 18, 19, 20, 21, 22]
1703	[0, 1, 2, 3, 4, 5]
1704	[0, 1, 2, 3, 4]
1705	[]
1706	[]
1707	[92, 93, 94, 95, 96, 97, 98, 99, 100, 195, 196, 197, 198, 199, 320, 321, 322, 323, 324, 325, 326]
1708	[21, 22, 23, 24, 25]
1709	[54, 55, 56, 57, 58, 59, 70, 71, 72, 73]
1710	[]
1711	[4, 5, 6, 7, 8, 259, 260, 261, 262, 263, 265, 266, 267, 268, 269]
1712	[0, 1, 2, 3, 4, 5, 12, 13, 14, 15, 16, 17, 94, 95, 96, 97, 98, 99, 100, 101, 102]
1713	[139, 140, 141, 142, 259, 260, 261, 262, 263, 264, 265, 266, 267, 268, 281, 282, 283, 284, 285, 286, 287]
1714	[]
1715	[9, 10, 11]
1716	[16, 17, 18, 19]
1717	[67, 68, 69, 70, 71, 236, 237, 238, 239, 240, 451, 452, 453, 454, 455, 465, 466, 467, 468]
1718	[67, 68, 69, 70, 71, 72, 73, 74, 75]
1719	[17, 18, 19, 20, 21, 22, 23, 24, 25, 32, 33, 34, 35, 36, 37, 74, 75, 76, 77, 78]
1720	[20, 21, 22, 23]
1721	[]
1722	[79, 80, 81, 82, 229, 230, 231, 232, 233]
1723	[]
1724	[204, 205, 206]
1725	[15, 16, 17, 18, 19, 20, 91, 92, 93, 94, 95, 96]
1726	[51, 52, 53, 54]
1727	[140, 141, 142, 143]
1728	[11, 12, 13, 14, 15]
1729	[6, 7, 8, 9, 10, 26, 27, 28, 29, 30, 31, 111, 112, 113, 114]
1730	[0, 98, 99, 100, 101, 193, 194, 195, 196, 197, 233, 234, 235, 236, 237, 238]
1731	[0, 1, 2, 3, 4, 5, 48, 49, 50, 51, 52, 53, 54, 55, 57, 58, 59, 60, 61, 62]
1732	[121, 140, 141, 142, 143]
1733	[26, 27, 28, 29, 30, 31, 32, 33, 41, 42, 43, 44, 45]
1734	[44, 45, 46, 47, 48, 49]
1735	[22, 23, 24, 25]
1736	[0, 1, 2, 3]
1737	[4, 5, 6, 7, 8, 214, 215, 216, 217, 218, 219, 220]
1738	[]
1739	[41, 42, 43, 44, 45, 46]
1740	[7, 8, 9, 10, 11, 12, 13, 14, 15]
1741	[109, 110, 111, 112, 113]
1742	[151, 152, 153, 154, 155, 195, 196, 197, 198, 199, 200, 341, 342, 343, 344, 345, 346, 347, 348, 349]
1743	[39, 40, 41, 42, 43, 44]
1744	[11, 12, 13, 14, 15, 16]
1745	[42, 43, 44, 45, 46, 47, 48]
1746	[]
1747	[21, 22, 23, 24, 25, 26, 27]
1748	[7, 8, 9, 10, 11, 12, 24, 199, 200, 201, 202]
1749	[23, 24, 25, 26, 27, 184, 185, 186, 187, 188, 189, 190, 230, 231, 232, 233, 234, 235, 236, 237]
1750	[21, 22, 23, 24, 25, 26, 254, 255, 256, 257]
1751	[4, 5, 6, 7]
1752	[0, 24, 25, 26, 27, 28, 29, 31, 32, 33, 34, 35, 36, 205, 206, 207]
1753	[221, 222, 223, 224, 225, 226, 227, 267, 268, 269, 483, 484, 485, 486, 566, 567, 568, 641, 642, 643, 644, 645]
1754	[22, 36, 37, 38, 39, 721, 722, 723, 724, 725, 726, 780, 781, 782, 783, 875, 876, 877, 878, 879, 880, 886, 887, 888, 889]
1755	[20, 197, 198, 199, 200, 227, 228, 229, 230, 231, 258, 259, 260, 261, 262, 292, 293, 294, 295, 296, 297, 298, 299, 300, 301, 327, 328, 329, 445, 446, 447, 448, 560, 561, 562, 563, 564]
1756	[29, 30, 31]
1757	[13, 14, 15, 16, 17, 18, 19]
1758	[51, 52, 53, 54, 55, 56, 57]
1759	[21, 22, 23, 24, 25, 26, 28, 29, 30, 31, 32, 33]
1760	[57, 58, 59, 60, 61, 141, 142, 143, 144, 145, 146]
1761	[73, 74, 75, 76]
1762	[91, 107, 108, 109, 110]
1763	[10, 11, 12, 61, 62, 63, 64, 65, 142, 143, 144, 145, 146, 147, 148]
1764	[4, 5, 6, 7, 8, 27, 28, 29, 30, 31, 32, 33]
1765	[27, 28, 29, 30, 32, 33, 34, 35, 36, 85, 86, 87, 88, 89, 90, 91, 92, 93]
1766	[65, 66, 67, 68, 73, 74, 75, 76, 77, 78, 80, 81, 82, 83, 84, 85, 158]
1767	[138, 139, 140, 141, 160]
1768	[7, 8, 9, 10]
1769	[27, 28, 29, 30, 31, 36, 37, 38, 39]
1770	[19, 20, 21, 22, 23, 24]
1771	[29, 30, 31, 32, 33, 34, 35, 36]
1772	[67]
1773	[11, 12, 13, 14, 15, 16, 17, 18, 19, 20]
1774	[6, 7, 8, 9, 10, 11, 135]
1775	[0, 1, 2, 46, 47, 48, 49, 110, 111, 112, 113, 114, 115, 116, 117]
1776	[0, 1, 2, 3, 4, 5]
1777	[14, 66, 67, 68, 69, 70]
1778	[24, 25, 26, 27, 28, 38, 70, 71, 72, 73]
1779	[33, 34, 35, 36, 37]
1780	[219, 220, 221, 222, 223]
1781	[93, 94, 95, 96, 97, 98, 102, 103, 104, 105, 106, 107, 108, 109, 110, 144, 145, 146, 154, 155, 156, 157, 158, 159, 160, 161, 163, 164, 165, 166]
1782	[129, 130, 131, 132, 133, 134]
1783	[20, 21, 22, 23, 24, 25]
1784	[]
1785	[17, 18, 19, 20, 74, 146, 147, 148, 149, 150, 151, 152]
1786	[]
1787	[0, 1, 2, 3]
1788	[60, 61, 62, 63, 64, 65, 178, 567, 568, 569, 685, 686, 687, 688, 689, 690, 691, 692]
1789	[32, 33, 34, 35, 36, 37]
1790	[11, 12, 13, 14, 15, 62, 63, 64, 65, 66, 67, 68, 69]
1791	[18, 40, 41, 42, 43, 109, 110, 111, 112, 113, 114]
1792	[15, 16, 17, 18, 175, 176, 177]
1793	[14, 15, 16, 17, 18, 81, 82, 83, 84]
1794	[23, 24, 25, 94, 95, 96, 97, 241, 242, 243, 244, 245, 246]
1795	[0, 1, 2, 3, 4]
1796	[118, 119, 120, 121, 122, 207, 208, 209, 210, 211, 212, 213, 214]
1797	[26, 27, 28, 29, 30, 31, 32, 33, 34, 35]
1798	[48, 49, 50, 51, 52]
1799	[124, 125, 126, 156, 157, 158, 159, 160, 226, 227, 228, 229, 233, 234, 235, 236]
1800	[49, 50, 51, 52, 53, 135, 136, 137]
1801	[9, 10, 11, 12, 13, 14, 15, 78, 79, 80, 87, 88, 89, 90]
1802	[60, 61, 62, 63, 64]
1803	[51, 52, 53, 54, 55, 157, 158, 159, 160, 161]
1804	[49, 50, 51, 52, 53, 54]
1805	[0, 1, 2, 3, 4, 5]
1806	[15, 16, 17, 18, 53, 54, 55, 56, 115, 116, 117, 118]
1807	[99, 100, 101, 102, 139, 140, 141, 142, 143, 245, 246, 247]
1808	[35, 36, 37, 38, 39, 40]
1809	[0, 1, 2, 3, 4, 5, 43, 44, 45, 46, 47, 48]
1810	[13, 14, 15, 16, 35, 36, 37, 38]
1811	[12, 13, 14, 15]
1812	[23, 24, 25, 26, 27, 28]
1813	[57, 58, 59, 60]
1814	[11, 12, 13, 14, 15, 16]
1815	[28, 29, 30, 31, 32, 33, 38, 39, 40, 41, 42, 43]
1816	[29, 30, 31, 32, 164, 165, 166, 167, 392, 393, 394, 395, 396, 397, 398, 399, 400]
1817	[33, 34, 35, 36, 37]
1818	[4, 144, 145, 146, 174, 175, 176, 297, 298, 299, 300, 308, 309, 310]
1819	[7, 8, 9, 10, 11]
1820	[32, 33, 34, 35, 36, 37, 58, 59, 60, 61, 106, 107, 108, 109, 110, 111, 112, 113, 114, 115]
1821	[8, 9, 10, 11, 142, 143, 144, 145]
1822	[12, 13, 14, 15, 16, 39, 40, 41, 42, 43, 48, 49, 50, 51, 52, 53]
1823	[11, 12, 13, 14, 15, 204, 205, 206, 207, 208, 209]
1824	[39, 40, 41, 42, 43, 132, 133, 134, 135, 136, 137, 140, 141, 142, 143]
1825	[]
1826	[8, 9, 10, 11, 12]
1827	[12, 13, 14, 15, 47, 48, 49, 50, 51, 183, 184, 185, 197, 198, 199, 200, 201]
1828	[]
1829	[31, 32, 33, 34, 35, 36]
1830	[31, 32, 33, 34, 35, 36, 136, 137, 138, 139, 140, 141, 150, 151, 152, 153]
1831	[5, 6, 7, 8, 10, 11, 12, 13, 14, 15, 16, 17]
1832	[34, 35, 36]
1833	[0, 247, 248, 249]
1834	[]
1835	[19, 20, 21]
1836	[14, 15, 16, 17, 18, 19, 87, 88, 89]
1837	[148, 149, 150, 151, 152, 153, 164, 165, 166, 167, 168]
1838	[118, 119, 120, 121, 206, 207, 208, 209, 210, 416, 417, 418, 419, 420, 421, 476]
1839	[45, 46, 47, 48, 49, 136, 137, 138, 139, 140, 141, 142, 143, 144]
1840	[31, 32, 33, 34, 35, 36, 43, 44, 45]
1841	[0, 1, 2, 3, 4]
1842	[48, 49, 50, 51, 52, 53, 54, 55, 56]
1843	[34, 108, 109, 110, 111, 112, 113]
1844	[12, 13, 14, 15, 16, 17, 49, 50, 51, 52, 53, 174, 175, 176, 177, 178, 179, 180, 181, 229, 230, 231, 232, 233, 234, 243, 244, 245, 246, 247, 248, 249, 371, 372, 373, 374, 375, 376, 377, 378]
1845	[131, 132, 133]
1846	[15, 16, 17, 18, 19, 20]
1847	[73, 74, 75, 96, 97, 98, 99, 100, 101, 102]
1848	[24, 34, 35, 36, 37, 38]
1849	[111, 112, 113, 634, 635, 636, 637, 638, 639]
1850	[]
1851	[61, 62, 63, 270, 271, 272, 273, 274, 275]
1852	[23, 24, 25, 26]
1853	[23, 24, 25, 26, 27, 28, 29, 30, 32, 33, 34, 35, 36]
1854	[8, 9, 10, 11, 12, 13]
1855	[2, 3, 4, 14, 15, 16, 17, 18, 19, 20, 21, 22, 23, 93, 94, 95, 96, 97]
1856	[51, 52, 53, 54, 55, 97, 98, 99, 100, 101, 106, 107, 108, 109, 110, 111, 114, 115, 116, 117, 118, 119, 120, 121, 123, 124, 125, 126, 127, 129, 130, 131, 132, 265, 266, 267, 466, 467, 468, 469, 470]
1857	[0, 8, 9, 10, 11, 12, 94, 95, 96]
1858	[]
1859	[]
1860	[0, 42, 43, 44, 45, 46, 47, 48, 49, 50, 159, 160, 161, 162, 180, 181, 182, 183, 184, 185, 186, 187]
1861	[21, 22, 23, 24, 59, 60, 61, 62, 63]
1862	[47, 48, 49, 50, 51, 52, 58, 59, 60, 61, 62, 63, 64, 65, 113, 114, 115]
1863	[59, 60, 61, 62, 63, 64, 96, 97, 98, 99]
1864	[31, 32, 33, 34, 35]
1865	[35, 36, 37, 38, 39, 40, 41, 42, 43, 44, 55, 56, 57, 58, 59, 60, 61, 62, 63, 72, 241, 242, 243, 248]
1866	[2, 3, 4, 5]
1867	[14, 15, 16, 17, 18, 19, 20, 21]
1868	[87, 88, 89, 90, 91, 92, 100, 101, 102]
1869	[412, 413, 414, 444, 445, 446, 447, 448, 449]
1870	[]
1871	[79, 80, 81, 82, 83, 84, 85, 86, 87, 96, 97, 98, 99, 100, 153, 154, 155, 156, 157, 158, 159, 160]
1872	[17, 18, 19, 20, 21]
1873	[57, 58, 59, 60, 61, 62]
1874	[327, 328, 329, 330, 345, 346, 347, 348, 349]
1875	[]
1876	[5, 6, 7, 8, 9, 10, 11, 12, 37, 38, 39]
1877	[]
1878	[132, 133, 134, 135, 136]
1879	[]
1880	[14, 15, 16, 17, 18, 26, 27, 28]
1881	[39, 40, 41, 42, 43]
1882	[142, 143, 144, 145, 146]
1883	[344, 586, 587, 588, 589]
1884	[44, 45, 46, 47, 48, 49]
1885	[56, 57, 58, 59]
1886	[234, 235, 236, 237, 238, 239]
1887	[66, 67, 68, 69]
1888	[27, 28, 29, 30]
1889	[96, 134, 135, 136, 213, 214, 215, 216, 392, 393, 394, 395, 396, 397, 398]
1890	[]
1891	[9, 10, 11, 12, 13, 160, 161, 162, 163, 164, 165]
1892	[57, 58, 59, 83, 84, 85]
1893	[33, 34, 35, 36, 37, 38]
1894	[105, 106, 107, 108, 348, 349, 350, 351, 352, 353]
1895	[4, 5, 6, 7, 8, 282, 283, 284, 285]
1896	[72, 73, 74, 83, 84, 85, 86]
1897	[0, 1, 2, 3, 4, 5]
1898	[41, 42, 43, 44, 45, 46]
1899	[322, 323, 324, 325, 596, 597, 598]
1900	[43, 55, 56, 57, 58]
1901	[0, 1, 2, 3, 4, 45, 46, 47, 48, 102, 103, 104, 105, 106, 107]
1902	[4, 5, 6, 7, 8, 9, 10, 11]
1903	[3, 4, 5, 6, 7, 221, 222, 223, 224, 225, 226, 227, 228]
1904	[8, 9, 10, 11]
1905	[28, 29, 30, 31, 32, 33]
1906	[84, 85, 86, 87, 88, 89]
1907	[253, 254, 255]
1908	[11, 12, 13, 14, 15, 35, 36, 37, 52, 53, 54, 55, 56]
1909	[0, 1, 2, 3, 4, 69, 70, 71]
1910	[81, 82, 83, 84, 85, 86, 87, 88]
1911	[]
1912	[39, 40, 41, 42]
1913	[101, 102, 103, 104, 105, 106, 107, 108]
1914	[0, 253, 254, 255, 280, 281, 282, 283, 320, 321, 322, 323, 331, 332, 333, 334, 335]
1915	[67, 68, 69, 70, 71]
1916	[5, 6, 7, 8, 9, 10, 11, 12]
1917	[41, 42, 43, 44, 45, 46, 47, 48, 49]
1918	[4, 5, 6, 7, 8, 9]
1919	[98, 99, 100, 101, 102, 123, 124, 125, 126, 127, 128]
1920	[0, 1, 2, 3, 4, 75, 76, 77, 78, 79]
1921	[40, 41, 42, 43, 44, 45, 172, 173, 174]
1922	[30, 31, 32, 33]
1923	[17, 18, 19, 31, 32, 33, 34, 35, 83, 84, 85, 86, 87, 88]
1924	[46, 47, 48, 49, 50, 97, 130, 131, 132, 133, 134]
1925	[]
1926	[48, 49, 50, 51, 52]
1927	[]
1928	[27, 28, 29, 30, 31, 32, 33]
1929	[25, 26, 27, 28, 29, 30, 31, 45, 46, 47, 48]
1930	[51, 52, 53, 54, 55, 56, 74, 75, 76, 77, 78]
1931	[34, 35, 36]
1932	[]
1933	[147, 148, 149, 150, 151, 153, 154, 155, 156, 157, 158, 160, 161, 162, 163, 164]
1934	[19, 20, 21, 22, 104, 105, 106, 107]
1935	[]
1936	[]
1937	[29, 68, 69, 70, 71, 72, 73, 75, 76, 77, 78, 79, 80]
1938	[0, 1, 2, 3, 4, 5, 6, 19, 20, 21, 22, 23]
1939	[29, 30, 31, 32, 33, 34, 37, 38, 39, 40, 41, 62, 63, 64]
1940	[26, 27, 28, 29, 30]
1941	[2, 15, 16, 17, 72, 73, 74, 75, 76, 336, 337, 338, 339, 340, 341]
1942	[21, 22, 23, 24, 25, 26, 27, 28, 29]
1943	[6, 7, 8, 9, 37, 38, 39, 40, 41, 129, 130, 131, 132, 133, 134, 135, 136, 137, 138]
1944	[106, 107, 108, 109]
1945	[0, 1, 2, 22, 23, 24]
1946	[23, 24, 25, 26, 27, 33, 34, 35, 36, 37]
1947	[132, 133, 134, 135, 192, 193, 194, 292, 293, 294, 295, 296, 307, 308, 309, 310, 315, 316, 317, 318, 319, 320, 321, 322, 323, 324, 325, 326, 327]
1948	[89, 90, 91, 92, 93, 94]
1949	[8, 9, 10, 11, 12]
1950	[22, 23, 24, 25, 26, 27, 28, 29]
1951	[44, 45, 46]
1952	[59, 60, 61, 62, 82, 83, 84, 85]
1953	[]
1954	[0, 1, 2, 3, 4]
1955	[178, 179, 180, 185, 186, 187, 188, 189, 190]
1956	[7, 8, 9, 28, 29, 30, 31, 32, 33]
1957	[40, 41, 42, 43, 44]
1958	[78, 79, 80, 81]
1959	[20, 21, 22, 23, 24, 25, 26]
1960	[]
1961	[38, 39, 40]
1962	[28, 29, 30, 31, 32, 33]
1963	[130, 131, 132, 133, 134, 378, 379, 380, 381, 382, 389, 390, 391, 392, 393, 394, 395, 396, 397, 398, 399, 400, 401]
1964	[23, 24, 25, 26, 27, 28, 29, 30, 31]
1965	[0, 162, 163, 164, 165, 166, 167, 168, 169]
1966	[157, 158, 159, 160, 161, 162, 163, 164, 165, 166, 264]
1967	[27, 28, 29, 145, 146, 147, 148, 149, 150, 151, 152, 153]
1968	[17, 18, 19, 20, 21, 104, 105, 106, 107]
1969	[8, 9, 10, 11, 12, 13, 14]
1970	[54, 55, 56, 57, 58, 59, 60, 61, 62, 63, 65, 66, 67, 68, 69]
1971	[223, 224, 225, 226, 227]
1972	[8, 9, 10, 27, 28, 29, 30, 31, 32, 170, 171, 172]
1973	[65, 66, 67, 110, 111, 112, 124, 125, 126, 127, 135, 136, 137, 138, 139, 140, 141, 142, 143]
1974	[177, 178, 179]
1975	[56, 57, 58, 59, 60, 61, 70, 71, 72, 73, 74]
1976	[140, 141, 142, 143, 144, 145, 146, 147]
1977	[80, 81, 82, 83, 84, 85, 162, 163, 164, 165, 166, 167]
1978	[180, 181, 182, 183, 184, 185, 186, 187, 188, 189, 349, 350, 351, 352, 353, 607, 608, 609, 610, 611, 612]
1979	[4]
1980	[8, 9, 10, 11, 12, 23, 263, 264, 265]
1981	[44]
1982	[0, 1, 2, 3, 4, 5]
1983	[41, 42, 43, 44, 45, 46]
1984	[43, 44, 45, 46]
1985	[12, 13, 14, 15, 16, 17, 18, 19, 22, 23, 24, 25, 32, 33, 34, 35]
1986	[0, 1, 2]
1987	[35, 52, 53, 54, 55, 56, 57]
1988	[0, 105, 106, 107, 108, 109, 110, 111, 112, 113, 114, 116, 117, 118, 119, 161, 162, 163, 164, 165, 166]
1989	[78, 79, 80, 81]
1990	[13, 14, 15, 16, 17, 18, 19, 20, 21]
1991	[20, 21, 22, 23, 90, 91, 92, 93, 94]
1992	[76, 77, 78, 79]
1993	[52, 53, 54, 55, 56, 57, 58, 59, 60]
1994	[0, 1, 2, 3, 4, 30, 31, 32, 33, 34, 35]
1995	[4, 5, 6, 7, 8, 70, 71, 72, 73, 74, 75, 76, 77, 93, 94, 95, 96]
1996	[23, 24, 25, 26, 27]
1997	[80, 81, 82, 83, 84, 85, 157, 158, 159, 160, 161, 162, 163, 164, 165, 166]
1998	[]
1999	[88, 89, 90, 91, 92, 93, 241, 242, 243, 280, 281, 282, 283, 637, 638, 639, 640, 641, 642, 643, 644, 828, 829, 830, 831]
