0	[]
1	[]
2	[]
3	[]
4	[]
5	[]
6	[]
7	[]
8	[]
9	[]
10	[]
11	[]
12	[]
13	[201, 202, 203, 204, 205, 206, 207, 208, 209]
14	[]
15	[134, 135, 136, 137, 138, 139]
16	[]
17	[]
18	[]
19	[]
20	[]
21	[0, 1, 2, 3, 4]
22	[]
23	[]
24	[238, 239, 240, 241, 242]
25	[]
26	[]
27	[]
28	[13, 14, 15, 16, 17]
29	[]
30	[]
31	[]
32	[]
33	[8, 9, 10, 11, 12]
34	[]
35	[]
36	[12, 13, 14, 15, 16]
37	[]
38	[]
39	[]
40	[]
41	[]
42	[]
43	[]
44	[]
45	[]
46	[41, 42, 43, 44, 45]
47	[]
48	[]
49	[]
50	[]
51	[]
52	[]
53	[]
54	[44, 45, 46, 47, 48]
55	[]
56	[]
57	[]
58	[]
59	[]
60	[]
61	[]
62	[]
63	[]
64	[]
65	[]
66	[]
67	[]
68	[21, 22, 23, 24, 25]
69	[]
70	[]
71	[]
72	[]
73	[]
74	[]
75	[]
76	[]
77	[]
78	[14, 15, 16, 17, 18, 19]
79	[175, 176, 177, 178, 179, 180, 181]
80	[]
81	[]
82	[]
83	[]
84	[]
85	[]
86	[44, 45, 46, 47, 48, 49, 50, 51, 52, 53, 54]
87	[0, 1, 2, 3, 4, 5, 6]
88	[]
89	[]
90	[11, 12, 13, 14, 15]
91	[]
92	[]
93	[]
94	[]
95	[]
96	[336, 337, 338, 339, 340, 341]
97	[]
98	[15, 16, 17, 18, 19]
99	[]
100	[]
101	[]
102	[0, 1, 2, 3, 4, 5]
103	[]
104	[]
105	[]
106	[107, 108, 109, 110, 111]
107	[]
108	[]
109	[]
110	[]
111	[]
112	[]
113	[]
114	[]
115	[]
116	[]
117	[]
118	[76, 77, 78, 79, 80, 81]
119	[]
120	[]
121	[]
122	[37, 38, 39, 40, 41, 42]
123	[]
124	[]
125	[]
126	[]
127	[]
128	[]
129	[]
130	[]
131	[5, 6, 7, 8, 9]
132	[15, 16, 17, 18, 19]
133	[]
134	[]
135	[]
136	[]
137	[]
138	[115, 116, 117, 118, 119, 120]
139	[]
140	[17, 18, 19, 20, 21]
141	[]
142	[]
143	[]
144	[]
145	[23, 24, 25, 26, 27]
146	[]
147	[]
148	[]
149	[]
150	[]
151	[0, 1, 2, 3, 4]
152	[]
153	[0, 1, 2, 3, 4, 5]
154	[208, 209, 210, 211, 212, 213]
155	[27, 28, 29, 30, 31]
156	[]
157	[]
158	[]
159	[]
160	[413, 414, 415, 416, 417]
161	[]
162	[]
163	[]
164	[]
165	[]
166	[]
167	[]
168	[]
169	[]
170	[]
171	[]
172	[]
173	[]
174	[186, 187, 188, 189, 190, 191, 192, 193, 194]
175	[19, 20, 21, 22, 23]
176	[]
177	[8, 9, 10, 11, 12]
178	[39, 40, 41, 42, 43, 44]
179	[]
180	[]
181	[]
182	[]
183	[]
184	[]
185	[]
186	[]
187	[]
188	[]
189	[]
190	[17, 18, 19, 20, 21]
191	[]
192	[]
193	[]
194	[]
195	[]
196	[]
197	[]
198	[]
199	[54, 55, 56, 57, 58, 59]
200	[49, 50, 51, 52, 53]
201	[]
202	[]
203	[]
204	[]
205	[]
206	[]
207	[]
208	[]
209	[]
210	[]
211	[]
212	[]
213	[]
214	[]
215	[]
216	[]
217	[]
218	[]
219	[]
220	[]
221	[]
222	[]
223	[]
224	[]
225	[]
226	[]
227	[]
228	[]
229	[121, 122, 123, 124, 125]
230	[21, 22, 23, 24, 25, 26]
231	[]
232	[8, 9, 10, 11, 12]
233	[]
234	[]
235	[37, 38, 39, 40, 41]
236	[]
237	[]
238	[]
239	[]
240	[]
241	[]
242	[]
243	[]
244	[]
245	[]
246	[]
247	[]
248	[]
249	[83, 84, 85, 86, 87]
250	[]
251	[]
252	[44, 45, 46, 47, 48]
253	[]
254	[]
255	[]
256	[]
257	[]
258	[]
259	[]
260	[]
261	[]
262	[395, 396, 397, 398, 399, 400]
263	[144, 145, 146, 147, 148]
264	[]
265	[]
266	[]
267	[72, 73, 74, 75, 76]
268	[27, 28, 29, 30, 31]
269	[]
270	[]
271	[631, 632, 633, 634, 635, 636]
272	[55, 56, 57, 58, 59, 60]
273	[]
274	[960, 961, 962, 963, 964, 965]
275	[73, 74, 75, 76, 77, 78, 79, 80, 81]
276	[]
277	[]
278	[]
279	[57, 58, 59, 60, 61]
280	[]
281	[]
282	[]
283	[]
284	[]
285	[]
286	[]
287	[]
288	[]
289	[]
290	[]
291	[]
292	[]
293	[6, 7, 8, 9, 10, 118, 119, 120, 121, 122, 123]
294	[271, 272, 273, 274, 275]
295	[]
296	[]
297	[19, 20, 21, 22, 23, 24]
298	[]
299	[]
300	[]
301	[287, 288, 289, 290, 291, 292]
302	[]
303	[]
304	[431, 432, 433, 434, 435]
305	[]
306	[]
307	[]
308	[]
309	[]
310	[]
311	[215, 216, 217, 218, 219, 220]
312	[23, 24, 25, 26, 27, 28]
313	[]
314	[]
315	[]
316	[]
317	[]
318	[]
319	[]
320	[5, 6, 7, 8, 9, 10, 11, 12, 13]
321	[]
322	[183, 184, 185, 186, 187, 188]
323	[]
324	[]
325	[]
326	[]
327	[]
328	[]
329	[]
330	[]
331	[]
332	[]
333	[]
334	[36, 37, 38, 39, 40, 57, 58, 59, 60, 61, 62]
335	[]
336	[]
337	[]
338	[]
339	[]
340	[]
341	[]
342	[48, 49, 50, 51, 52]
343	[]
344	[]
345	[80, 81, 82, 83, 84, 85]
346	[]
347	[]
348	[707, 708, 709, 710, 711, 712, 713, 714, 715]
349	[]
350	[]
351	[]
352	[10, 11, 12, 13, 14]
353	[]
354	[]
355	[]
356	[]
357	[]
358	[]
359	[]
360	[]
361	[4, 5, 6, 7, 8]
362	[]
363	[311, 312, 313, 314, 315, 316, 317, 318, 319]
364	[]
365	[31, 32, 33, 34, 35]
366	[52, 53, 54, 55, 56]
367	[]
368	[]
369	[]
370	[]
371	[78, 79, 80, 81, 82]
372	[131, 132, 133, 134, 135, 136, 137, 138, 139]
373	[30, 31, 32, 33, 34]
374	[76, 77, 78, 79, 80]
375	[]
376	[49, 50, 51, 52, 53]
377	[]
378	[127, 128, 129, 130, 131, 132, 133, 134, 135]
379	[]
380	[155, 156, 157, 158, 159]
381	[127, 128, 129, 130, 131]
382	[]
383	[45, 46, 47, 48, 49, 50]
384	[]
385	[]
386	[]
387	[]
388	[16, 17, 18, 19, 20]
389	[]
390	[]
391	[]
392	[]
393	[203, 204, 205, 206, 207, 208, 209, 210, 237, 238, 239, 240, 241, 242, 274, 275, 276, 277, 278, 279, 400, 401, 402, 403, 404, 405, 406, 407, 408]
394	[]
395	[]
396	[]
397	[]
398	[]
399	[]
400	[]
401	[]
402	[]
403	[118, 119, 120, 121, 122, 123]
404	[]
405	[]
406	[]
407	[]
408	[]
409	[]
410	[]
411	[]
412	[]
413	[]
414	[]
415	[8, 9, 10, 11, 12]
416	[]
417	[23, 24, 25, 26, 27]
418	[]
419	[]
420	[]
421	[]
422	[24, 25, 26, 27, 28]
423	[]
424	[64, 65, 66, 67, 68]
425	[]
426	[141, 142, 143, 144, 145, 146]
427	[]
428	[64, 65, 66, 67, 68, 69]
429	[]
430	[]
431	[]
432	[]
433	[]
434	[23, 24, 25, 26, 27, 28, 29, 30, 31]
435	[]
436	[]
437	[]
438	[]
439	[]
440	[]
441	[27, 28, 29, 30, 31]
442	[126, 127, 128, 129, 130, 131, 132, 133, 134]
443	[451, 452, 453, 454, 455]
444	[]
445	[]
446	[]
447	[]
448	[]
449	[]
450	[]
451	[]
452	[]
453	[]
454	[59, 60, 61, 62, 63]
455	[]
456	[95, 96, 97, 98, 99, 100]
457	[]
458	[]
459	[68, 69, 70, 71, 72]
460	[]
461	[]
462	[]
463	[]
464	[]
465	[]
466	[]
467	[]
468	[]
469	[]
470	[]
471	[]
472	[31, 32, 33, 34, 35]
473	[]
474	[64, 65, 66, 67, 68, 69]
475	[75, 76, 77, 78, 79, 80, 81, 82, 83]
476	[]
477	[]
478	[]
479	[]
480	[]
481	[]
482	[]
483	[]
484	[189, 190, 191, 192, 193]
485	[]
486	[]
487	[]
488	[]
489	[]
490	[]
491	[15, 16, 17, 18, 19]
492	[]
493	[]
494	[]
495	[]
496	[146, 147, 148, 149, 150, 151, 152, 153, 154]
497	[]
498	[]
499	[]
500	[35, 36, 37, 38, 39]
501	[]
502	[]
503	[]
504	[]
505	[58, 59, 60, 61, 62]
506	[]
507	[]
508	[25, 26, 27, 28, 29]
509	[]
510	[]
511	[]
512	[]
513	[]
514	[]
515	[]
516	[]
517	[]
518	[]
519	[]
520	[22, 23, 24, 25, 26]
521	[]
522	[]
523	[]
524	[]
525	[]
526	[]
527	[]
528	[]
529	[]
530	[15, 16, 17, 18, 19]
531	[]
532	[]
533	[]
534	[18, 19, 20, 21, 22]
535	[]
536	[]
537	[]
538	[61, 62, 63, 64, 65]
539	[8, 9, 10, 11, 12]
540	[]
541	[]
542	[]
543	[]
544	[]
545	[]
546	[]
547	[]
548	[265, 266, 267, 268, 269, 270]
549	[125, 126, 127, 128, 129, 130]
550	[28, 29, 30, 31, 32, 33]
551	[]
552	[]
553	[]
554	[]
555	[]
556	[]
557	[]
558	[]
559	[]
560	[]
561	[206, 207, 208, 209, 210, 211]
562	[]
563	[14, 15, 16, 17, 18]
564	[]
565	[]
566	[]
567	[11, 12, 13, 14, 15]
568	[]
569	[111, 112, 113, 114, 115, 116, 117, 118, 119]
570	[]
571	[]
572	[11, 12, 13, 14, 15]
573	[]
574	[]
575	[]
576	[]
577	[]
578	[]
579	[]
580	[]
581	[140, 141, 142, 143, 144, 145]
582	[]
583	[]
584	[]
585	[44, 45, 46, 47, 48, 49]
586	[]
587	[]
588	[277, 278, 279, 280, 281, 282]
589	[]
590	[]
591	[]
592	[]
593	[]
594	[]
595	[102, 103, 104, 105, 106, 107, 108, 109, 110]
596	[]
597	[]
598	[]
599	[]
600	[]
601	[]
602	[]
603	[]
604	[]
605	[18, 19, 20, 21, 22]
606	[]
607	[]
608	[]
609	[]
610	[]
611	[435, 436, 437, 438, 439]
612	[]
613	[]
614	[]
615	[18, 19, 20, 21, 22]
616	[]
617	[]
618	[]
619	[45, 46, 47, 48, 49, 50]
620	[116, 117, 118, 119, 120]
621	[]
622	[]
623	[]
624	[]
625	[]
626	[]
627	[]
628	[]
629	[196, 197, 198, 199, 200]
630	[]
631	[65, 66, 67, 68, 69]
632	[]
633	[19, 20, 21, 22, 23, 24]
634	[]
635	[]
636	[]
637	[]
638	[16, 17, 18, 19, 20, 21]
639	[3, 4, 5, 6, 7]
640	[]
641	[]
642	[]
643	[]
644	[291, 292, 293, 294, 295, 296]
645	[]
646	[44, 45, 46, 47, 48]
647	[79, 80, 81, 82, 83, 84]
648	[]
649	[]
650	[]
651	[]
652	[16, 17, 18, 19, 20, 21]
653	[]
654	[]
655	[]
656	[]
657	[22, 23, 24, 25, 26]
658	[]
659	[43, 44, 45, 46, 47, 48]
660	[]
661	[]
662	[]
663	[]
664	[]
665	[]
666	[]
667	[]
668	[]
669	[]
670	[]
671	[]
672	[]
673	[]
674	[33, 34, 35, 36, 37, 38, 39, 40, 41]
675	[]
676	[335, 336, 337, 338, 339, 614, 615, 616, 617, 618, 619]
677	[13, 14, 15, 16, 17]
678	[]
679	[]
680	[]
681	[]
682	[]
683	[]
684	[]
685	[]
686	[]
687	[]
688	[]
689	[]
690	[28, 29, 30, 31, 32, 33]
691	[]
692	[]
693	[]
694	[23, 24, 25, 26, 27]
695	[]
696	[15, 16, 17, 18, 19]
697	[231, 232, 233, 234, 235]
698	[]
699	[]
700	[]
701	[]
702	[34, 35, 36, 37, 38]
703	[]
704	[]
705	[]
706	[]
707	[]
708	[149, 150, 151, 152, 153]
709	[]
710	[]
711	[211, 212, 213, 214, 215]
712	[327, 328, 329, 330, 331, 332]
713	[198, 199, 200, 201, 202, 203, 204, 205, 206]
714	[]
715	[]
716	[0, 1, 2, 3, 4, 5]
717	[]
718	[196, 197, 198, 199, 200]
719	[]
720	[]
721	[]
722	[]
723	[]
724	[]
725	[]
726	[]
727	[]
728	[]
729	[]
730	[]
731	[]
732	[15, 16, 17, 18, 19, 20]
733	[68, 69, 70, 71, 72, 73]
734	[33, 34, 35, 36, 37, 38, 39, 40, 41]
735	[]
736	[]
737	[46, 47, 48, 49, 50, 51, 52, 102, 103, 104, 105, 106]
738	[]
739	[]
740	[]
741	[]
742	[]
743	[]
744	[]
745	[243, 244, 245, 246, 247]
746	[]
747	[]
748	[]
749	[9, 10, 11, 12, 13]
750	[]
751	[]
752	[]
753	[]
754	[48, 49, 50, 51, 52, 53]
755	[16, 17, 18, 19, 20]
756	[]
757	[61, 62, 63, 64, 65]
758	[]
759	[]
760	[]
761	[]
762	[]
763	[]
764	[]
765	[]
766	[]
767	[]
768	[]
769	[]
770	[]
771	[]
772	[51, 52, 53, 54, 55, 56]
773	[]
774	[8, 9, 10, 11, 12]
775	[]
776	[]
777	[]
778	[]
779	[]
780	[]
781	[]
782	[19, 20, 21, 22, 23]
783	[]
784	[]
785	[]
786	[]
787	[]
788	[]
789	[133, 134, 135, 136, 137]
790	[]
791	[]
792	[20, 21, 22, 23, 24]
793	[]
794	[]
795	[]
796	[]
797	[]
798	[]
799	[]
800	[]
801	[]
802	[15, 16, 17, 18, 19]
803	[]
804	[33, 34, 35, 36, 37]
805	[]
806	[]
807	[9, 10, 11, 12, 13]
808	[]
809	[]
810	[]
811	[]
812	[129, 130, 131, 132, 133]
813	[220, 221, 222, 223, 224]
814	[]
815	[160, 161, 162, 163, 164, 165, 166, 167, 168]
816	[]
817	[]
818	[32, 33, 34, 35, 36]
819	[]
820	[]
821	[179, 180, 181, 182, 183]
822	[]
823	[173, 174, 175, 176, 177]
824	[309, 310, 311, 312, 313]
825	[138, 139, 140, 141, 142]
826	[]
827	[]
828	[]
829	[]
830	[]
831	[]
832	[]
833	[]
834	[]
835	[22, 23, 24, 25, 26, 27]
836	[]
837	[8, 9, 10, 11, 12]
838	[]
839	[]
840	[69, 70, 71, 72, 73]
841	[]
842	[0, 1, 2, 3, 4]
843	[21, 22, 23, 24, 25, 26]
844	[]
845	[]
846	[]
847	[]
848	[]
849	[]
850	[]
851	[]
852	[]
853	[]
854	[]
855	[]
856	[]
857	[]
858	[]
859	[]
860	[]
861	[]
862	[]
863	[]
864	[]
865	[]
866	[]
867	[]
868	[]
869	[]
870	[]
871	[606, 607, 608, 609, 610, 611]
872	[]
873	[]
874	[]
875	[]
876	[]
877	[]
878	[]
879	[]
880	[]
881	[]
882	[]
883	[]
884	[8, 9, 10, 11, 12]
885	[]
886	[0, 1, 2, 3, 4, 5, 6, 7, 8]
887	[150, 151, 152, 153, 154]
888	[]
889	[]
890	[]
891	[]
892	[]
893	[]
894	[]
895	[]
896	[]
897	[55, 56, 57, 58, 59, 60, 61, 62, 63]
898	[]
899	[]
900	[77, 78, 79, 80, 81, 82]
901	[]
902	[]
903	[]
904	[]
905	[]
906	[176, 177, 178, 179, 180, 181]
907	[]
908	[]
909	[]
910	[]
911	[]
912	[]
913	[]
914	[8, 9, 10, 11, 12]
915	[]
916	[]
917	[]
918	[]
919	[]
920	[]
921	[63, 64, 65, 66, 67]
922	[]
923	[]
924	[]
925	[]
926	[]
927	[66, 67, 68, 69, 70, 71]
928	[]
929	[]
930	[]
931	[]
932	[]
933	[]
934	[]
935	[]
936	[]
937	[]
938	[305, 306, 307, 308, 309]
939	[]
940	[]
941	[]
942	[]
943	[]
944	[]
945	[18, 19, 20, 21, 22]
946	[]
947	[]
948	[]
949	[42, 43, 44, 45, 46]
950	[]
951	[40, 41, 42, 43, 44]
952	[]
953	[198, 199, 200, 201, 202]
954	[]
955	[]
956	[]
957	[]
958	[]
959	[]
960	[]
961	[]
962	[]
963	[99, 100, 101, 102, 103, 104]
964	[]
965	[]
966	[15, 16, 17, 18, 19]
967	[162, 163, 164, 165, 166]
968	[74, 75, 76, 77, 78, 79, 80, 81, 82]
969	[]
970	[]
971	[]
972	[]
973	[]
974	[17, 18, 19, 20, 21]
975	[]
976	[217, 218, 219, 220, 221]
977	[]
978	[]
979	[68, 69, 70, 71, 72, 73]
980	[]
981	[]
982	[167, 168, 169, 170, 171, 172]
983	[14, 15, 16, 17, 18]
984	[]
985	[]
986	[75, 76, 77, 78, 79, 80, 81, 82, 83]
987	[205, 206, 207, 208, 209]
988	[]
989	[]
990	[]
991	[]
992	[]
993	[]
994	[]
995	[]
996	[8, 9, 10, 11, 12]
997	[278, 279, 280, 281, 282, 283]
998	[14, 15, 16, 17, 18]
999	[]
1000	[339, 340, 341, 342, 343, 344]
1001	[]
1002	[]
1003	[154, 155, 156, 157, 158]
1004	[]
1005	[]
1006	[]
1007	[143, 144, 145, 146, 147, 148]
1008	[]
1009	[51, 52, 53, 54, 55]
1010	[]
1011	[]
1012	[18, 19, 20, 21, 22, 23]
1013	[]
1014	[41, 42, 43, 44, 45, 46]
1015	[]
1016	[156, 157, 158, 159, 160]
1017	[]
1018	[]
1019	[3, 4, 5, 6, 7]
1020	[]
1021	[]
1022	[]
1023	[166, 167, 168, 169, 170, 171]
1024	[]
1025	[387, 388, 389, 390, 391]
1026	[]
1027	[]
1028	[]
1029	[200, 201, 202, 203, 204]
1030	[]
1031	[]
1032	[189, 190, 191, 192, 193, 194]
1033	[]
1034	[]
1035	[]
1036	[]
1037	[]
1038	[]
1039	[12, 13, 14, 15, 16]
1040	[]
1041	[]
1042	[]
1043	[38, 39, 40, 41, 42, 43]
1044	[]
1045	[]
1046	[]
1047	[]
1048	[]
1049	[]
1050	[72, 73, 74, 75, 76]
1051	[]
1052	[]
1053	[]
1054	[]
1055	[96, 97, 98, 99, 100, 101]
1056	[29, 30, 31, 32, 33, 34]
1057	[]
1058	[]
1059	[4, 5, 6, 7, 8]
1060	[]
1061	[204, 205, 206, 207, 208]
1062	[]
1063	[]
1064	[]
1065	[]
1066	[]
1067	[]
1068	[]
1069	[]
1070	[126, 127, 128, 129, 130]
1071	[]
1072	[]
1073	[248, 249, 250, 251, 252, 253]
1074	[]
1075	[]
1076	[193, 194, 195, 196, 197, 198]
1077	[]
1078	[]
1079	[108, 109, 110, 111, 124, 125, 126, 127, 128, 129, 130]
1080	[]
1081	[]
1082	[78, 79, 80, 81, 82]
1083	[18, 19, 20, 21, 22, 23]
1084	[196, 197, 198, 199, 200]
1085	[]
1086	[]
1087	[]
1088	[]
1089	[]
1090	[]
1091	[138, 139, 140, 141, 142]
1092	[25, 26, 27, 28, 29, 30, 31]
1093	[]
1094	[]
1095	[4, 5, 6, 7, 8]
1096	[4, 5, 6, 7, 8]
1097	[]
1098	[133, 134, 135, 136, 137, 138]
1099	[]
1100	[]
1101	[]
1102	[]
1103	[]
1104	[39, 40, 41, 42, 43, 44]
1105	[]
1106	[330, 331, 332, 333, 334, 335]
1107	[51, 52, 53, 54, 55]
1108	[]
1109	[201, 202, 203, 204, 205, 206, 207, 208, 209]
1110	[]
1111	[186, 187, 188, 189, 190]
1112	[126, 127, 128, 129, 130]
1113	[]
1114	[20, 21, 22, 23, 24]
1115	[]
1116	[]
1117	[8, 9, 10, 11, 12, 167, 168, 169, 170, 171, 172, 173, 174, 175]
1118	[340, 341, 342, 343, 344]
1119	[]
1120	[]
1121	[]
1122	[]
1123	[]
1124	[]
1125	[]
1126	[]
1127	[304, 305, 306, 307, 308]
1128	[]
1129	[]
1130	[15, 16, 17, 18, 19, 20, 21, 22, 23]
1131	[]
1132	[]
1133	[]
1134	[]
1135	[]
1136	[20, 21, 22, 23, 24]
1137	[]
1138	[]
1139	[]
1140	[55, 56, 57, 58, 59, 60]
1141	[]
1142	[25, 26, 27, 28, 29, 30]
1143	[235, 236, 237, 238, 239]
1144	[]
1145	[14, 15, 16, 17, 18]
1146	[]
1147	[137, 138, 139, 140, 141]
1148	[13, 14, 15, 16, 17, 18, 318, 319, 320, 321]
1149	[]
1150	[]
1151	[]
1152	[]
1153	[31, 32, 33, 34, 35]
1154	[16, 17, 18, 19, 20, 21, 22, 23, 24]
1155	[]
1156	[]
1157	[55, 56, 57, 58, 59, 60, 61, 62, 63]
1158	[]
1159	[]
1160	[]
1161	[]
1162	[]
1163	[]
1164	[]
1165	[79, 80, 81, 82, 83]
1166	[16, 17, 18, 19, 20]
1167	[]
1168	[]
1169	[]
1170	[]
1171	[]
1172	[]
1173	[0, 1, 2, 3, 4, 5, 6, 7, 8]
1174	[119, 120, 121, 122, 123, 124, 125, 126]
1175	[]
1176	[37, 38, 39, 40, 41]
1177	[]
1178	[]
1179	[]
1180	[94, 95, 96, 97, 98]
1181	[]
1182	[]
1183	[]
1184	[]
1185	[]
1186	[21, 22, 23, 24, 25]
1187	[]
1188	[129, 130, 131, 132, 133]
1189	[]
1190	[]
1191	[]
1192	[]
1193	[]
1194	[187, 188, 189, 190, 191]
1195	[]
1196	[]
1197	[]
1198	[]
1199	[195, 196, 197, 198, 199, 200, 201]
1200	[]
1201	[]
1202	[84, 85, 86, 87, 88]
1203	[]
1204	[31, 32, 33, 34, 35]
1205	[171, 172, 173, 174, 175]
1206	[]
1207	[]
1208	[]
1209	[7, 8, 9, 10, 11]
1210	[]
1211	[234, 235, 236, 237, 238, 239, 296, 297, 298, 299, 300, 301, 302, 303, 304]
1212	[]
1213	[]
1214	[]
1215	[]
1216	[]
1217	[]
1218	[]
1219	[]
1220	[]
1221	[]
1222	[]
1223	[]
1224	[]
1225	[]
1226	[]
1227	[]
1228	[]
1229	[]
1230	[]
1231	[177, 178, 179, 180, 181]
1232	[213, 214, 215, 216, 217, 218]
1233	[]
1234	[]
1235	[]
1236	[]
1237	[91, 92, 93, 94, 95]
1238	[112, 113, 114, 115, 116, 117]
1239	[27, 28, 29, 30, 31]
1240	[]
1241	[]
1242	[]
1243	[41, 42, 43, 44, 45, 46, 47, 48, 49]
1244	[93, 94, 95, 96, 97]
1245	[]
1246	[]
1247	[]
1248	[]
1249	[21, 22, 23, 24, 25]
1250	[]
1251	[173, 174, 175, 176, 177, 178, 179, 180, 181]
1252	[]
1253	[]
1254	[]
1255	[]
1256	[]
1257	[20, 21, 22, 23, 24]
1258	[]
1259	[]
1260	[]
1261	[]
1262	[8, 9, 10, 11, 12]
1263	[]
1264	[383, 384, 385, 386, 387]
1265	[]
1266	[]
1267	[]
1268	[]
1269	[]
1270	[0, 1, 2, 3, 4, 5]
1271	[]
1272	[]
1273	[]
1274	[15, 16, 17, 18, 19]
1275	[346, 347, 348, 349, 350]
1276	[]
1277	[]
1278	[]
1279	[0, 1, 2, 3, 4]
1280	[]
1281	[]
1282	[0, 1, 2, 3, 4, 5, 6, 7, 8]
1283	[74, 75, 76, 77, 78]
1284	[]
1285	[]
1286	[]
1287	[]
1288	[28, 29, 30, 31, 32]
1289	[]
1290	[]
1291	[]
1292	[]
1293	[]
1294	[]
1295	[29, 30, 31, 32, 33, 34]
1296	[]
1297	[]
1298	[13, 14, 15, 16, 17]
1299	[]
1300	[]
1301	[97, 98, 99, 100, 101]
1302	[]
1303	[]
1304	[]
1305	[]
1306	[]
1307	[]
1308	[]
1309	[]
1310	[]
1311	[]
1312	[]
1313	[]
1314	[8, 9, 10, 11, 12]
1315	[]
1316	[]
1317	[]
1318	[300, 301, 302, 303, 304, 305]
1319	[]
1320	[]
1321	[]
1322	[28, 29, 30, 31, 32]
1323	[]
1324	[]
1325	[]
1326	[]
1327	[]
1328	[]
1329	[]
1330	[]
1331	[97, 98, 99, 100, 101]
1332	[]
1333	[]
1334	[15, 16, 17, 18, 19]
1335	[]
1336	[]
1337	[]
1338	[]
1339	[]
1340	[]
1341	[]
1342	[]
1343	[]
1344	[]
1345	[]
1346	[]
1347	[]
1348	[30, 31, 32, 33, 34]
1349	[]
1350	[]
1351	[]
1352	[]
1353	[]
1354	[75, 76, 77, 78, 79, 80]
1355	[]
1356	[]
1357	[]
1358	[]
1359	[26, 27, 28, 29, 30]
1360	[16, 17, 18, 19, 20, 21, 22, 23, 24]
1361	[17, 18, 19, 20, 21]
1362	[]
1363	[]
1364	[]
1365	[]
1366	[]
1367	[]
1368	[]
1369	[96, 97, 98, 99, 100]
1370	[]
1371	[]
1372	[150, 151, 152, 153, 154, 155, 156, 157, 158]
1373	[]
1374	[25, 26, 27, 28, 29]
1375	[67, 68, 69, 70, 71, 72, 73, 74, 75]
1376	[]
1377	[]
1378	[]
1379	[]
1380	[9, 10, 11, 12, 13, 14]
1381	[173, 174, 175, 176, 177]
1382	[]
1383	[]
1384	[]
1385	[]
1386	[]
1387	[]
1388	[17, 18, 19, 20, 21]
1389	[122, 123, 124, 125, 126]
1390	[]
1391	[]
1392	[]
1393	[]
1394	[]
1395	[]
1396	[]
1397	[]
1398	[62, 63, 64, 65, 66, 67, 68, 69, 70]
1399	[61, 62, 63, 64, 65]
1400	[]
1401	[]
1402	[8, 9, 10, 11, 12]
1403	[]
1404	[701, 702, 703, 704, 705]
1405	[]
1406	[214, 215, 216, 217, 218, 219]
1407	[]
1408	[0, 1, 2, 3, 4, 5, 6, 7, 8]
1409	[]
1410	[]
1411	[]
1412	[]
1413	[]
1414	[]
1415	[]
1416	[]
1417	[]
1418	[29, 30, 31, 32, 33, 34, 35, 36, 37]
1419	[]
1420	[]
1421	[698, 699, 700, 701, 702]
1422	[12, 13, 14, 15, 16, 17]
1423	[251, 252, 253, 254, 255, 256, 257, 258, 259]
1424	[]
1425	[]
1426	[11, 12, 13, 14, 15]
1427	[]
1428	[]
1429	[]
1430	[]
1431	[]
1432	[]
1433	[]
1434	[12, 13, 14, 15, 16]
1435	[93, 94, 95, 96, 97, 98, 99, 100, 101]
1436	[]
1437	[39, 40, 41, 42, 43]
1438	[]
1439	[]
1440	[]
1441	[]
1442	[]
1443	[]
1444	[]
1445	[]
1446	[]
1447	[]
1448	[248, 249, 250, 251, 252, 253]
1449	[]
1450	[]
1451	[]
1452	[]
1453	[5, 6, 7, 8, 9, 10]
1454	[]
1455	[]
1456	[]
1457	[]
1458	[]
1459	[]
1460	[]
1461	[]
1462	[]
1463	[449, 450, 451, 452, 453]
1464	[]
1465	[]
1466	[163, 164, 165, 166, 167]
1467	[]
1468	[]
1469	[]
1470	[]
1471	[]
1472	[]
1473	[]
1474	[]
1475	[130, 131, 132, 133, 134]
1476	[364, 365, 366, 367, 368, 369]
1477	[230, 231, 232, 233, 234, 235]
1478	[]
1479	[]
1480	[]
1481	[]
1482	[]
1483	[360, 361, 362, 363, 364, 365]
1484	[]
1485	[]
1486	[]
1487	[]
1488	[]
1489	[]
1490	[29, 30, 31, 32, 33, 34, 35, 36, 37]
1491	[]
1492	[135, 136, 137, 138, 139, 140]
1493	[]
1494	[]
1495	[30, 31, 32, 33, 34, 35]
1496	[22, 23, 24, 25, 26]
1497	[]
1498	[]
1499	[]
1500	[]
1501	[]
1502	[]
1503	[]
1504	[]
1505	[]
1506	[]
1507	[15, 16, 17, 18, 19, 20]
1508	[18, 19, 20, 21, 22]
1509	[]
1510	[]
1511	[]
1512	[]
1513	[]
1514	[240, 241, 242, 243, 244]
1515	[39, 40, 41, 42, 43]
1516	[]
1517	[70, 71, 72, 73, 74]
1518	[425, 426, 427, 428, 429, 430, 431, 432, 433]
1519	[]
1520	[]
1521	[212, 213, 214, 215, 216]
1522	[]
1523	[]
1524	[]
1525	[]
1526	[195, 196, 197, 198, 199, 200]
1527	[]
1528	[]
1529	[28, 29, 30, 31, 32, 33, 34]
1530	[52, 53, 54, 55, 56]
1531	[]
1532	[]
1533	[]
1534	[]
1535	[]
1536	[]
1537	[31, 32, 33, 34, 35, 36]
1538	[]
1539	[]
1540	[]
1541	[]
1542	[521, 522, 523, 524, 525]
1543	[]
1544	[]
1545	[]
1546	[284, 285, 286, 287, 288, 289]
1547	[]
1548	[]
1549	[]
1550	[]
1551	[]
1552	[35, 36, 37, 38, 39]
1553	[]
1554	[]
1555	[]
1556	[]
1557	[]
1558	[]
1559	[]
1560	[]
1561	[]
1562	[]
1563	[]
1564	[]
1565	[]
1566	[201, 202, 203, 204, 205, 206, 207, 208, 209]
1567	[]
1568	[]
1569	[]
1570	[]
1571	[121, 122, 123, 124, 125]
1572	[]
1573	[]
1574	[]
1575	[]
1576	[]
1577	[]
1578	[40, 41, 42, 43, 44, 45, 46]
1579	[]
1580	[169, 170, 171, 172, 173]
1581	[]
1582	[]
1583	[]
1584	[]
1585	[]
1586	[]
1587	[]
1588	[49, 50, 51, 52, 53, 54]
1589	[]
1590	[]
1591	[]
1592	[]
1593	[50, 51, 52, 53, 54, 55]
1594	[]
1595	[]
1596	[]
1597	[228, 229, 230, 231, 232, 233, 234, 250, 251, 252, 253, 254, 255, 256]
1598	[261, 262, 263, 264, 265, 266]
1599	[]
1600	[]
1601	[]
1602	[]
1603	[]
1604	[135, 136, 137, 138, 139]
1605	[79, 80, 81, 82, 83]
1606	[]
1607	[]
1608	[]
1609	[]
1610	[]
1611	[]
1612	[]
1613	[426, 427, 428, 429, 430, 431, 432, 433, 434]
1614	[]
1615	[]
1616	[]
1617	[62, 63, 64, 65, 66]
1618	[96, 97, 98, 99, 100]
1619	[]
1620	[]
1621	[]
1622	[]
1623	[19, 20, 21, 22, 23, 24, 25, 26, 27]
1624	[]
1625	[]
1626	[]
1627	[]
1628	[31, 32, 33, 34, 35]
1629	[]
1630	[]
1631	[]
1632	[]
1633	[]
1634	[]
1635	[]
1636	[]
1637	[]
1638	[]
1639	[26, 27, 28, 29, 30]
1640	[101, 102, 103, 104, 105]
1641	[]
1642	[]
1643	[]
1644	[107, 108, 109, 110, 111]
1645	[]
1646	[]
1647	[]
1648	[118, 119, 120, 121, 122, 123]
1649	[73, 74, 75, 76, 77, 78, 79, 80, 81]
1650	[64, 65, 66, 67, 68, 69]
1651	[]
1652	[]
1653	[]
1654	[]
1655	[10, 11, 12, 13, 14, 95, 96, 97, 98, 99, 100]
1656	[]
1657	[]
1658	[]
1659	[]
1660	[]
1661	[]
1662	[]
1663	[]
1664	[]
1665	[]
1666	[]
1667	[]
1668	[]
1669	[]
1670	[]
1671	[]
1672	[201, 202, 203, 204, 205]
1673	[]
1674	[67, 68, 69, 70, 71]
1675	[113, 114, 115, 116, 117]
1676	[]
1677	[]
1678	[]
1679	[]
1680	[62, 63, 64, 65, 66]
1681	[]
1682	[]
1683	[279, 280, 281, 282, 283, 284]
1684	[]
1685	[8, 9, 10, 11, 12]
1686	[]
1687	[]
1688	[]
1689	[]
1690	[137, 138, 139, 140, 141]
1691	[]
1692	[]
1693	[]
1694	[]
1695	[]
1696	[]
1697	[]
1698	[109, 110, 111, 112, 113, 114, 115, 116, 117]
1699	[]
1700	[]
1701	[]
1702	[]
1703	[]
1704	[0, 1, 2, 3, 4]
1705	[]
1706	[]
1707	[320, 321, 322, 323, 324]
1708	[]
1709	[]
1710	[]
1711	[4, 5, 6, 7, 8]
1712	[]
1713	[]
1714	[]
1715	[]
1716	[]
1717	[236, 237, 238, 239, 240]
1718	[67, 68, 69, 70, 71, 72, 73, 74, 75]
1719	[17, 18, 19, 20, 21, 22, 23, 24, 25]
1720	[]
1721	[]
1722	[]
1723	[]
1724	[]
1725	[91, 92, 93, 94, 95, 96]
1726	[]
1727	[]
1728	[]
1729	[]
1730	[]
1731	[]
1732	[]
1733	[]
1734	[]
1735	[]
1736	[]
1737	[]
1738	[]
1739	[]
1740	[]
1741	[]
1742	[341, 342, 343, 344, 345, 346, 347, 348, 349]
1743	[]
1744	[]
1745	[]
1746	[]
1747	[]
1748	[]
1749	[]
1750	[21, 22, 23, 24, 25, 26]
1751	[]
1752	[]
1753	[]
1754	[875, 876, 877, 878, 879, 880]
1755	[]
1756	[]
1757	[13, 14, 15, 16, 17]
1758	[51, 52, 53, 54, 55]
1759	[]
1760	[57, 58, 59, 60, 61]
1761	[]
1762	[]
1763	[142, 143, 144, 145, 146]
1764	[]
1765	[]
1766	[]
1767	[]
1768	[]
1769	[]
1770	[]
1771	[]
1772	[]
1773	[]
1774	[]
1775	[]
1776	[]
1777	[]
1778	[]
1779	[]
1780	[]
1781	[154, 155, 156, 157, 158, 159, 160, 161]
1782	[]
1783	[]
1784	[]
1785	[]
1786	[]
1787	[]
1788	[]
1789	[]
1790	[]
1791	[]
1792	[]
1793	[14, 15, 16, 17, 18]
1794	[]
1795	[]
1796	[]
1797	[]
1798	[48, 49, 50, 51, 52]
1799	[]
1800	[49, 50, 51, 52, 53]
1801	[]
1802	[]
1803	[]
1804	[]
1805	[0, 1, 2, 3, 4, 5]
1806	[]
1807	[139, 140, 141, 142, 143]
1808	[]
1809	[0, 1, 2, 3, 4, 5]
1810	[]
1811	[]
1812	[23, 24, 25, 26, 27, 28]
1813	[]
1814	[]
1815	[]
1816	[392, 393, 394, 395, 396, 397, 398, 399, 400]
1817	[33, 34, 35, 36, 37]
1818	[]
1819	[7, 8, 9, 10, 11]
1820	[]
1821	[]
1822	[12, 13, 14, 15, 16]
1823	[]
1824	[]
1825	[]
1826	[]
1827	[]
1828	[]
1829	[]
1830	[]
1831	[]
1832	[]
1833	[]
1834	[]
1835	[]
1836	[14, 15, 16, 17, 18, 19]
1837	[148, 149, 150, 151, 152, 153]
1838	[]
1839	[]
1840	[31, 32, 33, 34, 35, 36]
1841	[]
1842	[48, 49, 50, 51, 52, 53, 54, 55, 56]
1843	[]
1844	[243, 244, 245, 246, 247]
1845	[]
1846	[]
1847	[]
1848	[34, 35, 36, 37, 38]
1849	[]
1850	[]
1851	[]
1852	[]
1853	[]
1854	[8, 9, 10, 11, 12, 13]
1855	[]
1856	[]
1857	[]
1858	[]
1859	[]
1860	[]
1861	[]
1862	[]
1863	[]
1864	[31, 32, 33, 34, 35]
1865	[]
1866	[]
1867	[]
1868	[87, 88, 89, 90, 91, 92]
1869	[]
1870	[]
1871	[]
1872	[17, 18, 19, 20, 21]
1873	[]
1874	[]
1875	[]
1876	[]
1877	[]
1878	[]
1879	[]
1880	[]
1881	[]
1882	[142, 143, 144, 145, 146]
1883	[]
1884	[]
1885	[]
1886	[]
1887	[]
1888	[]
1889	[]
1890	[]
1891	[]
1892	[]
1893	[]
1894	[]
1895	[]
1896	[]
1897	[]
1898	[]
1899	[]
1900	[]
1901	[]
1902	[]
1903	[]
1904	[]
1905	[]
1906	[84, 85, 86, 87, 88, 89]
1907	[]
1908	[11, 12, 13, 14, 15]
1909	[]
1910	[]
1911	[]
1912	[]
1913	[]
1914	[]
1915	[]
1916	[]
1917	[]
1918	[]
1919	[98, 99, 100, 101, 102]
1920	[]
1921	[40, 41, 42, 43, 44, 45]
1922	[]
1923	[31, 32, 33, 34, 35]
1924	[130, 131, 132, 133, 134]
1925	[]
1926	[]
1927	[]
1928	[27, 28, 29, 30, 31]
1929	[]
1930	[]
1931	[]
1932	[]
1933	[]
1934	[]
1935	[]
1936	[]
1937	[]
1938	[]
1939	[]
1940	[]
1941	[]
1942	[21, 22, 23, 24, 25, 26, 27, 28, 29]
1943	[]
1944	[]
1945	[]
1946	[23, 24, 25, 26, 27]
1947	[307, 308, 309, 310, 315, 316, 317, 318, 319, 320, 321, 322, 323, 324, 325, 326, 327]
1948	[]
1949	[8, 9, 10, 11, 12]
1950	[]
1951	[]
1952	[]
1953	[]
1954	[]
1955	[]
1956	[28, 29, 30, 31, 32, 33]
1957	[]
1958	[]
1959	[20, 21, 22, 23, 24]
1960	[]
1961	[]
1962	[]
1963	[389, 390, 391, 392, 393, 394, 395, 396, 397, 398, 399, 400, 401]
1964	[]
1965	[]
1966	[]
1967	[]
1968	[]
1969	[8, 9, 10, 11, 12]
1970	[]
1971	[]
1972	[27, 28, 29, 30, 31, 32]
1973	[135, 136, 137, 138, 139, 140, 141, 142, 143]
1974	[]
1975	[70, 71, 72, 73, 74]
1976	[]
1977	[162, 163, 164, 165, 166, 167]
1978	[349, 350, 351, 352, 353]
1979	[]
1980	[8, 9, 10, 11, 12]
1981	[]
1982	[]
1983	[]
1984	[]
1985	[]
1986	[]
1987	[]
1988	[]
1989	[]
1990	[]
1991	[]
1992	[]
1993	[]
1994	[]
1995	[]
1996	[]
1997	[157, 158, 159, 160, 161, 162, 163, 164, 165]
1998	[]
1999	[]
