0	[7, 8, 9, 10, 11]
1	[42, 43, 44, 93]
2	[9, 33, 34, 35, 36]
3	[26, 27, 28, 29, 32, 42, 43, 44, 46, 47, 48, 49, 50, 51]
4	[31, 167, 168, 169, 181, 182, 183, 290, 291, 292, 293, 294, 295, 337, 338, 358, 359, 360, 596, 597, 598, 599, 738, 739, 740, 749, 750]
5	[23, 24, 25, 26, 27, 28, 97, 98, 99, 100, 111, 112, 113, 114, 115, 116, 117, 118, 119, 179, 180, 203, 213, 214, 215, 216, 217, 218, 219, 220, 221]
6	[62, 135, 136, 311, 312, 313, 314, 318, 319, 320, 321, 322, 323, 346, 347, 415, 416, 417, 418]
7	[76, 77, 81, 248, 249, 250, 254, 255]
8	[0, 1, 2, 3, 4, 5, 17, 18, 19, 20, 21, 22, 23]
9	[63, 64, 65, 80, 81, 85, 93, 94, 95, 96, 97, 98, 99, 123, 124, 125, 126, 127, 128, 263, 264]
10	[66, 67, 68, 69, 70, 71, 74, 112, 113, 114, 115, 116, 117, 118, 119, 120, 121, 160, 161, 178, 179, 180, 181, 196, 197, 222, 223, 224, 268, 269, 504, 505, 599, 600, 601, 602]
11	[14, 15, 37, 38, 39, 40, 41, 42, 43, 49, 50, 51, 52, 90, 91, 92, 93]
12	[13, 38, 39, 65, 66, 67, 68, 69]
13	[46, 47, 48, 49, 50, 51, 62, 63, 70, 71, 72, 73, 81]
14	[5, 27, 28, 29, 56, 57, 71, 72, 73]
15	[60, 61, 63, 68, 69]
16	[8, 42, 43, 44, 45, 46, 47, 48, 49, 50, 51, 136, 137, 138, 139, 160, 161, 162, 256, 257, 258, 259, 260, 261]
17	[17, 18, 19, 20, 21]
18	[16, 17, 18, 19, 166, 186, 187, 188, 189, 200, 201, 377, 378, 481, 482, 483, 742, 743, 744, 745, 746, 747]
19	[5, 6, 7, 8, 9, 10, 70, 71, 72]
20	[0, 1, 2, 3, 32]
21	[40, 41, 42, 43, 44, 45, 46, 47, 48, 49, 51, 52, 53]
22	[0, 1, 2, 3, 4, 5]
23	[16, 17, 20, 23, 24, 25, 83, 84, 129, 130, 131, 132]
24	[0, 1, 2, 3, 4, 5, 186, 187, 188, 189, 190, 222, 223, 243]
25	[20, 67, 68, 69, 124, 125, 147, 148]
26	[19, 20, 22, 23, 24, 25, 26, 27, 28, 68, 96, 97, 218, 219, 220, 307, 308, 528, 529, 530, 633, 634, 952, 953, 954]
27	[10, 20, 21, 22, 23]
28	[20, 21, 22, 26, 27, 28, 29, 30, 47, 172, 173, 174, 175, 258, 259, 471, 472, 515, 516, 547, 548, 549]
29	[11, 12, 13, 14, 31, 32, 68, 140, 141, 218, 219, 220, 221, 222]
30	[1, 2, 9, 86, 87, 88, 89, 189, 190, 191, 192, 232, 233, 234, 235, 450, 451, 452, 523, 524, 601, 602, 603, 604, 635, 636, 637, 638, 639, 642, 643, 644, 715, 716, 717, 718, 741, 742, 876, 877]
31	[23, 80, 81, 82, 83]
32	[5, 6, 7, 8, 9, 25, 26, 27]
33	[24, 25, 51, 67, 68, 69, 70, 125, 126]
34	[0, 1, 2, 3, 4, 5, 16, 17, 26]
35	[1, 2, 3, 16, 17, 18, 19, 20, 21, 90, 101, 102, 103, 104]
36	[1, 113, 114, 115, 116, 117, 118, 218, 219, 372, 373, 374, 375, 376, 377, 378, 379, 380, 381, 439, 440, 456, 457, 592, 593, 594]
37	[13, 14, 15, 16, 22, 23, 24, 25, 26, 27, 28, 54, 55, 56, 126, 127, 128, 179, 281, 282, 380, 381, 382, 383, 384, 385, 386, 387]
38	[30, 115, 116, 117, 118, 119]
39	[37, 49, 50, 51, 52]
40	[20, 21, 22, 23]
41	[35, 190, 191, 192, 193, 194, 195, 196]
42	[23, 24, 25, 75, 76]
43	[30, 65, 66, 67, 68, 69, 70]
44	[34, 35, 39, 40, 63, 64, 65, 66, 67, 68, 71, 113, 114, 115, 116, 158, 159]
45	[10, 11, 12, 13, 122, 123, 124, 139, 140, 141, 156, 161, 162, 249, 250, 251, 252, 253, 254, 255]
46	[2, 3, 16, 49, 50, 51, 52, 53, 54, 55, 56, 57]
47	[36, 37, 114, 115, 116, 117]
48	[14, 15, 16, 26, 27, 28, 29, 31, 32, 33, 34]
49	[26, 27, 28, 36, 37, 40, 50, 51, 52, 70, 71, 72, 73, 74, 75, 76, 77, 78, 79, 93, 94, 95, 96, 120, 121, 122, 123, 124, 125]
50	[22, 23, 24, 25]
51	[62, 79, 80, 81, 82, 83, 94, 95, 96, 122, 123, 142, 143, 186, 187, 271, 272, 273, 274, 383, 384, 385, 386]
52	[2, 24, 25, 39, 40, 41, 42, 84, 85, 86, 87, 88, 89, 158, 159, 160, 161]
53	[1, 2, 3, 29, 75, 76, 77, 78, 96, 97, 98, 99, 100, 101]
54	[9, 10, 11, 23, 24, 160, 161, 162, 163, 164, 165, 173, 321, 322, 351, 352, 353, 402, 403, 404, 405, 439, 440, 441, 442, 454, 455, 456, 457, 632, 633, 942, 943]
55	[55, 214, 215, 216]
56	[20, 52, 53, 54, 55, 56, 57, 58, 59, 60, 61, 62, 63, 125, 126, 186, 187, 188, 189, 190, 191, 339, 340, 341, 342, 343, 344, 345, 487, 488, 508, 509, 510, 511]
57	[17, 59, 60, 61, 62, 65, 66, 67, 101, 102, 116, 117, 118, 119, 148, 149, 150, 237, 238, 244, 245, 246, 247, 358, 359, 360, 361, 362, 363, 364, 365, 368, 369, 370, 371, 372, 373]
58	[9, 21, 22, 23, 24, 25]
59	[11, 69, 70, 71, 72, 73, 74]
60	[11, 12, 16, 23, 24, 25, 26, 62, 63, 64, 65, 72, 73, 74, 75, 165, 166, 167, 251, 252]
61	[84, 121, 122, 149, 150, 151]
62	[41, 76, 77, 148, 149]
63	[0, 1, 2, 3, 4, 5]
64	[62, 63, 64, 65, 66, 67]
65	[4, 5, 6, 7, 45, 141, 142, 143, 144, 145]
66	[17, 18, 80, 123, 124, 125, 135, 136]
67	[21, 141, 142, 143, 230, 231]
68	[12, 13, 14, 15, 16, 68, 69, 81, 82, 83, 84, 85, 86, 134, 135, 225, 226, 358]
69	[17, 18, 19, 20, 21, 22, 23, 76, 77, 102, 103, 104, 189, 190, 207, 208, 209, 210, 211, 212, 213, 214, 258, 259, 260, 269, 270, 271, 272]
70	[6, 7, 8, 9, 10]
71	[107, 244, 245, 246, 300, 301, 307, 308, 309, 310, 311]
72	[16, 30, 31, 58, 59, 60, 99, 100, 101, 102]
73	[79, 80, 81, 82, 83, 84, 85, 86, 87, 104, 105, 106, 159, 246, 247, 261, 262, 263, 264, 265, 266, 267, 279, 280, 281, 282, 283, 284]
74	[13, 15, 16, 17, 18, 19, 20, 21, 22, 23, 40, 41, 42, 43, 44, 45]
75	[24, 25, 26]
76	[]
77	[69]
78	[10]
79	[8, 9, 28, 69, 70, 191, 192, 193, 194, 310, 311, 312, 391, 392, 393, 457, 458, 473, 474, 475, 497, 498, 499, 564, 565, 741, 742, 986, 987, 988, 989]
80	[5, 6, 7, 9, 66, 67, 68, 171, 172, 173, 174, 175, 176, 177, 178, 180, 181, 182, 183, 239, 240, 241, 242, 243, 244, 245, 246]
81	[15, 23, 24, 25, 26, 27]
82	[14, 16, 17, 18, 91, 92, 94, 95, 96, 97, 98, 99]
83	[152, 154, 155, 251, 252, 328, 329, 330, 384, 385, 412, 413, 414, 415, 416, 417, 425, 426, 427, 428, 429, 430, 431, 432]
84	[20, 66, 67, 316, 317, 318, 319, 320, 321, 429, 430, 431, 432, 448, 449, 450, 451, 503, 504, 510, 511, 512, 513, 514, 515, 516, 517]
85	[7, 49, 50, 51, 59, 60, 61, 62, 63, 64, 87, 88, 89, 90, 91, 92, 93, 94]
86	[33, 34, 35, 36, 37, 38]
87	[8, 9, 10]
88	[47, 57, 58, 59, 60]
89	[28, 54, 55, 56]
90	[19, 20, 21, 22, 23, 24]
91	[0, 1, 2, 3, 5, 6, 7, 8, 12, 49, 50, 51, 52]
92	[117, 118, 265]
93	[0, 37, 38, 39, 40, 41, 42, 100, 101, 102]
94	[7, 8, 9, 10, 11, 12, 13, 14, 23, 24, 34, 35, 36, 37, 38, 39, 40, 41, 48, 211, 212, 213, 247, 248, 249, 250, 319, 320, 321, 322, 323, 324, 325, 326, 327, 328, 329, 351, 352, 366, 367, 368, 369, 370, 371, 372, 373, 435, 436]
95	[0, 18, 19, 20, 49, 50, 51, 52, 53, 54]
96	[19, 20, 49, 50, 51, 52, 53, 54, 75, 76, 77, 78, 103, 104, 161, 162, 194, 195, 196, 197, 198, 199]
97	[20, 21, 24, 50, 51]
98	[41, 82, 83, 84, 310, 311, 312, 407, 408, 409, 410, 446, 447, 448, 449, 450, 451]
99	[50, 51, 106, 107, 108, 109, 110, 111, 130, 131, 132, 133, 141]
100	[9, 10, 14, 122, 123, 124, 125, 126, 127, 132, 133, 134, 135]
101	[2, 3, 4, 5, 6, 7, 8, 9, 10, 11]
102	[21, 22, 41, 42, 43, 44]
103	[76, 109, 110]
104	[52, 183, 184, 185, 186, 208, 209, 210, 211, 212, 213, 286, 287, 288, 289, 290, 291, 292, 293, 410, 411, 412, 413, 414, 415, 416, 417, 418, 623, 624, 625, 630, 631]
105	[27, 28, 29, 30, 31, 45, 46, 47, 61, 62, 63, 64, 126, 274, 275, 276, 277]
106	[23, 29, 30]
107	[20, 21, 22, 23, 24, 25, 26, 27, 28]
108	[]
109	[8, 9, 10, 19, 20, 21, 22, 23, 40, 44, 45, 93, 94, 95, 118, 119, 167, 168, 169]
110	[84, 85, 86]
111	[14, 15, 22, 23, 24]
112	[5, 31, 32, 33, 34, 35, 36, 175, 176, 289, 290, 291, 292, 323, 324, 325, 376, 377, 378]
113	[65, 66, 67]
114	[31, 32, 43]
115	[21, 22, 23, 24, 25, 26, 27, 34, 35, 36, 37, 38, 39, 95, 96, 122, 123, 124, 125, 142, 153, 154, 155, 156]
116	[1, 2, 3, 22, 23, 24, 25, 26, 27, 28, 29, 36, 37, 52, 53, 54, 55, 56, 121, 122, 123, 124, 181, 182, 183, 184, 194, 195, 286, 287, 288]
117	[2, 3, 4, 5, 43, 44, 45, 46, 47, 66, 67, 68]
118	[6, 14, 15, 19, 20, 21, 22, 23, 24, 25, 26, 103, 104]
119	[70, 71, 72, 73]
120	[24, 53, 54, 55, 56, 57, 58]
121	[44, 45, 46, 47, 48, 49, 50, 51, 110, 111, 112, 113, 114, 115, 116, 117, 121, 122]
122	[41, 42, 43, 44, 45, 46]
123	[3, 4, 18, 19, 20, 21, 22]
124	[84, 92, 93, 94, 95, 96, 97, 98, 99, 100, 101, 102, 103, 129, 130, 288, 289, 357, 358, 359, 360, 446, 447, 448, 449, 450]
125	[36, 99, 100, 101, 102, 109, 110, 111]
126	[22, 23, 24, 25, 26, 27, 28, 29, 30, 31, 32, 33, 105, 106, 107, 110, 111, 112, 113, 114, 115, 136]
127	[46, 47, 48, 49, 60, 61, 75, 76, 77, 98, 164, 165, 166, 167, 168, 205, 206, 207, 208, 209, 210]
128	[6, 33, 34, 35, 170, 171, 302, 303, 304, 305, 310, 311, 312, 313, 314, 315]
129	[61, 104, 105, 106, 107, 108, 109, 197, 198, 199, 200, 201, 202, 266, 267, 304, 305, 306, 307, 308, 309, 310, 329, 330, 438, 439]
130	[24, 28, 29, 41, 42, 199, 200, 276, 277, 278, 321, 322, 323, 327, 328, 329, 330, 349, 350, 351, 363, 364, 365, 366, 367, 368, 369, 372, 373, 374, 375]
131	[10, 45, 46, 47, 48, 49]
132	[15, 16, 17, 18]
133	[5, 6, 7, 8, 28, 29, 30]
134	[30, 33, 34, 35, 36, 108, 109, 124, 125, 126, 127, 138, 139, 140, 141, 142, 143, 168, 169, 170, 171, 172, 306, 307, 308, 309, 381, 382, 383, 384, 488, 489, 490, 528, 529, 545, 546, 547, 548, 558, 559, 560, 561, 562, 563, 564, 623, 624, 685, 686, 687, 688, 689, 690, 691, 692, 693, 694]
135	[7, 8, 9, 10, 11, 12, 13, 14, 15, 64, 65, 66, 67]
136	[0, 1, 2, 3]
137	[7, 8, 9, 10]
138	[63]
139	[118, 183, 184, 196, 197, 267, 268, 269, 270, 381, 382, 383, 384, 463, 464, 465, 466, 467, 468, 469, 470, 533, 534, 535, 536, 537]
140	[1, 2, 3, 5, 10, 11, 12, 13, 14, 15, 16, 17, 34, 35, 36, 37, 38, 39, 40, 41, 42]
141	[3, 4, 6, 7, 8, 9, 10]
142	[9, 10, 11, 12, 14, 24, 25, 26, 27, 28, 80, 81, 83, 84, 85, 86, 87, 88, 94, 95, 96]
143	[12, 27, 28, 51, 52, 94, 95, 96, 97, 98, 99, 100, 101, 150, 151, 153, 154, 155, 156, 208, 209, 210, 211, 212, 213]
144	[16, 17, 18, 19, 20, 21, 58, 78, 79, 80, 81, 144, 145]
145	[46, 65, 66, 67, 73, 74, 75, 76, 77, 78, 97, 98, 99, 100]
146	[24, 25, 26, 27, 44, 45, 84, 158, 159, 160, 231, 232, 289, 290, 355, 356, 357, 358, 359, 360, 361, 362, 363, 364, 365, 366, 494, 495, 496, 497, 498, 499, 500, 501, 502, 503, 504, 505, 707, 708, 793, 794, 795, 796, 797, 798, 799, 800, 801, 802]
147	[17, 18, 19, 20, 21, 47, 48, 83, 84, 121, 222, 223, 251, 252]
148	[11, 12, 13, 14, 15, 16]
149	[13, 25, 26, 27, 28, 29, 30]
150	[8, 58, 59, 60, 99, 100, 105, 106, 107, 108, 109, 110, 111, 183, 184, 185]
151	[39, 40, 41, 87, 88, 120, 122, 123, 124, 125, 134, 135, 136, 201, 202, 203, 204]
152	[7, 109, 110, 111, 112, 113]
153	[34, 35, 36, 37, 38, 43, 44, 45, 46, 71, 72, 73, 84, 85, 117, 118, 119, 120, 321, 322]
154	[88, 89, 90, 91, 145, 146]
155	[29, 30, 31, 32, 33, 34, 35, 36, 37, 77, 78, 121]
156	[92, 192, 193, 194, 195, 224, 225, 226, 227, 246, 247, 248, 249, 250, 251, 279, 280, 281, 323, 324, 325, 326]
157	[14, 15, 42, 107, 108, 109, 110, 132, 133, 134, 135, 146, 147]
158	[88, 89, 90, 99, 100, 101, 102, 103, 129]
159	[6, 54, 55, 56, 88, 89, 90, 91, 110, 111, 202, 203, 204, 357, 358, 359, 366, 367, 368, 369, 370]
160	[60, 62, 63, 66, 67, 68]
161	[10]
162	[0, 1, 2, 3, 32, 33, 34, 35, 36]
163	[23, 24, 25, 26, 27, 28, 29]
164	[81, 128, 129, 130, 131, 132, 133]
165	[18, 97, 98, 108, 109, 110, 111, 228, 229, 230, 231, 232, 233]
166	[14]
167	[10, 163, 164, 165, 166, 203, 204, 205, 221, 222, 223, 224, 225, 226, 253, 254, 269, 270, 271, 272, 273, 296, 297, 298, 299, 300, 301, 302, 303, 389, 390]
168	[29, 107, 108, 109, 110, 111, 112, 113, 114, 115, 116]
169	[15, 16, 17, 18, 19, 35]
170	[0, 1, 2, 21, 22, 23, 24, 25, 26, 39, 142, 143, 149, 150, 151, 152, 153]
171	[66, 67, 68, 69, 70, 71, 72, 75, 76, 77, 78, 79, 97, 142, 143, 144, 145, 159, 160, 161, 162, 163, 164]
172	[39, 40, 41, 44, 52, 53, 54, 55]
173	[10, 11, 12, 13, 23, 24, 25, 26, 27, 28, 61, 62, 63]
174	[0]
175	[14, 15, 16, 24, 25, 26, 27, 28, 29, 51]
176	[42, 43, 44, 45, 46, 56, 80, 81]
177	[29, 40, 41, 42, 43, 44, 45, 53, 54, 55, 56]
178	[5, 6, 7, 8, 9, 15, 16, 17, 18, 19, 91]
179	[0, 1, 2, 3, 4]
180	[2, 3, 4, 46, 47, 52, 53, 57, 58, 59, 60, 63, 99, 100, 101, 102]
181	[17, 42, 43, 93, 94, 95]
182	[36, 37, 38, 39, 54, 117, 118, 119, 120, 121, 122, 123, 124, 125, 135, 136, 139, 140, 384, 385, 386, 387, 460, 461, 462]
183	[15, 16, 25, 26, 64, 66, 67, 68, 94, 95, 96, 97, 98, 99]
184	[0, 1, 2, 3, 4, 5, 6, 7, 9, 10, 11, 12, 13, 14]
185	[44, 252, 253, 254, 255, 306, 307, 308, 309, 401, 402, 403, 544, 545, 582, 583, 584, 585, 586, 591, 592, 593, 594, 619, 620, 621, 622, 623, 642, 643, 656, 657, 658, 659, 817, 818]
186	[64, 65, 66, 113, 114, 115, 116, 161, 207, 208, 209, 210]
187	[0, 1, 2, 3, 9, 10, 11, 12, 13, 14, 26, 27, 28, 29, 76]
188	[1, 33, 34, 107, 108, 109, 110, 111, 112, 113]
189	[41, 103, 104, 105, 106, 107, 108, 109]
190	[22, 23, 41, 102, 103, 104, 105, 106, 107]
191	[57, 68, 69, 70, 71]
192	[57, 109, 110, 111, 153, 154, 225, 226, 227, 228]
193	[11, 26, 27, 28, 88, 89, 91, 92, 93, 94, 95, 96, 165, 166, 173, 174, 175, 176]
194	[0, 58, 59, 91, 92, 93, 94, 95]
195	[14, 15, 16, 17, 18, 19]
196	[41, 58, 59, 60, 61, 62]
197	[32, 33]
198	[4, 5, 6, 7, 8, 9, 10, 11]
199	[14, 30, 31, 32, 33, 34, 35, 36, 81, 82, 89, 90, 236, 237, 238, 239, 240, 241, 242, 243, 351, 352, 353, 354, 416, 417, 435, 436, 437, 438, 439, 440, 441, 442, 443]
200	[]
201	[0, 1, 2, 3, 4, 5, 31, 32, 33, 34, 146, 169, 170, 224, 225, 226, 334, 335, 336, 337, 368, 369, 370, 371, 382, 383, 748, 749, 750, 751, 756, 757, 758]
202	[19, 20, 21, 22, 142, 230, 231, 357, 358, 359, 360, 460, 461, 462, 463, 505, 506, 507, 512, 513, 555, 556]
203	[8, 9, 10, 21, 22, 72, 73, 74, 75, 91]
204	[6, 32, 33, 34, 35, 36]
205	[7, 8, 9, 10, 11, 12, 13, 14, 15, 16, 66, 76, 77]
206	[11, 12, 13, 14, 15]
207	[31, 148, 149, 295, 296, 297, 380, 381, 382, 383, 384, 486, 487, 488, 489, 566, 567, 592, 593, 594, 693, 694, 739, 740, 741, 775, 776]
208	[14, 15, 16, 17, 18, 19, 20, 21, 83, 212, 213, 248, 249, 250, 334, 335, 336, 337, 338, 339, 340, 341, 342, 343, 344, 345, 708, 709, 971, 972, 973, 974, 975, 976]
209	[39]
210	[1, 2, 3, 29, 30, 31, 136, 137, 159, 160, 161, 162, 163, 164, 184, 358, 359, 360, 381, 382, 383, 384, 385, 398, 399, 400, 401, 587, 588, 656, 657, 658, 659, 816, 817, 818, 819, 820]
211	[19, 32, 33, 34, 35, 36, 74, 75, 76, 115, 116, 126, 127, 128, 129, 130]
212	[10, 11, 14, 32, 33, 42, 43]
213	[]
214	[1, 2, 3, 26, 27, 28, 29, 185, 186, 187, 188, 259, 260, 322, 323, 324]
215	[44, 45, 46, 47, 49, 50, 51, 52, 54, 55, 56]
216	[20]
217	[9, 10, 50, 86, 87, 88, 89, 90, 91, 263, 264, 265, 266, 267, 268]
218	[15, 22, 23, 78, 79, 212, 213, 229, 230, 231, 232, 233, 234, 235, 236, 237, 238, 239, 240, 241, 242]
219	[19, 20, 50, 51, 52, 53, 54, 141, 142, 143, 144, 145]
220	[20, 21, 22, 23, 24]
221	[31, 84, 85, 86, 87, 153, 154, 155, 156, 157]
222	[35, 50, 51, 176, 177, 178, 206, 207, 208, 342, 343, 344, 345, 346, 347, 348, 349, 350]
223	[27, 64, 65, 66, 67, 68, 69, 93, 94, 140, 141, 142, 143, 270, 271, 272, 273, 274, 275, 276, 277, 278, 285, 286, 287, 377, 378]
224	[0, 174, 175, 252, 253, 254, 255, 256, 257]
225	[18, 61, 62, 63, 64, 65, 66, 67, 73, 74, 75, 140, 141, 142, 143, 144, 145, 146]
226	[47, 48, 49, 68, 113, 114, 115, 116, 117, 118]
227	[40, 143, 144, 145, 156, 157, 158, 159]
228	[15, 16, 17, 18, 27, 49, 50, 51, 148, 149, 190, 191, 192, 193, 233, 234]
229	[0, 1, 2, 3, 18, 19, 20]
230	[31, 32, 33, 37, 38, 48, 49, 50, 51, 52, 53, 54, 79, 126, 127, 128, 129, 181, 182, 183, 184]
231	[0, 1, 2, 3, 4, 5, 6, 19, 20, 21, 22, 58, 59, 60, 61, 62, 76, 150, 151, 180, 181, 182, 183]
232	[5, 6, 7, 8, 42, 43, 50, 112, 113, 257, 258, 318, 319, 320, 321, 322, 323, 509, 510, 511, 512, 648, 649, 709, 710, 711, 726, 727, 728, 798, 799, 800, 801, 802, 803, 804, 805, 806, 807]
233	[47, 48, 49, 74, 75, 76, 77, 78, 236]
234	[16, 17, 18, 19, 20, 21]
235	[25, 26, 38, 39, 40]
236	[81, 87, 88, 89, 90, 106, 107, 108, 109, 110, 111, 112, 113]
237	[6, 7]
238	[5, 6, 7, 8, 9, 44, 45, 46, 47, 55]
239	[8, 9, 10, 11, 12, 13, 14, 15, 16, 19, 284, 285, 288, 289, 290, 291, 292]
240	[]
241	[48, 49, 50, 54, 116, 117, 198, 199, 257, 258, 259, 260, 261, 262, 273, 274, 275, 276, 277, 278, 280, 281, 282, 283, 347, 348, 349, 350, 380, 381]
242	[20, 21, 43, 81, 82, 83, 84, 85]
243	[39, 40, 41, 42, 43, 44, 45, 46, 47]
244	[11, 12, 13, 14, 15]
245	[29, 30, 31, 32, 33, 34]
246	[44, 45, 46, 47, 111, 123, 124, 129, 130, 131, 189, 190, 191, 192]
247	[6, 25, 26, 35, 36, 37, 67, 68, 166, 167, 168, 171, 172, 173, 174, 319, 320, 345, 346, 347, 348, 349, 350]
248	[4, 5, 6, 7, 8, 9, 10, 11, 13, 14, 15, 16, 17, 41, 42, 113, 123, 124, 163, 164, 165, 166]
249	[6, 7, 40, 82, 83, 84, 85, 86, 87, 120, 121, 141, 142, 143, 144, 145, 172, 173]
250	[14, 91, 92, 164, 165, 346, 347, 348, 349, 350]
251	[20, 24, 25, 26, 27, 28, 60, 61]
252	[22, 23, 26, 70, 71, 72, 73, 87, 88, 89, 90, 97, 98, 109, 110, 111, 112, 113, 163, 164, 317, 318, 360, 361, 362, 363]
253	[0, 1, 2, 3, 4, 5]
254	[31, 32, 33, 34]
255	[12, 13, 30, 93, 94, 95, 96, 97, 98, 99, 100, 101]
256	[0, 60, 61, 62, 76, 77, 105, 106, 107, 138, 139, 140, 141, 142]
257	[10, 11, 12, 13, 33, 34, 35]
258	[66, 80, 81, 82, 88, 89, 90, 91, 92]
259	[96, 174, 175, 176, 220, 221, 222, 223, 224, 225, 226, 227]
260	[26, 27, 28, 29, 30, 53, 83, 84]
261	[1, 2, 3, 264, 287, 288, 289, 532, 533, 552, 553, 554, 561, 562, 563, 564]
262	[9, 10, 14, 15, 16, 17, 18, 19]
263	[37, 194, 195, 214, 215, 222, 223, 224, 225, 226, 227, 259, 260, 261, 262, 263, 264, 378, 379, 380, 381, 382, 433, 434, 435, 436, 477, 478, 479, 480, 481, 482, 483, 573, 574, 680, 681, 682, 683, 684, 685, 686, 687, 688, 689]
264	[1, 2, 3, 23, 31, 32, 33, 34]
265	[0, 1, 2, 3, 12, 13, 14, 25]
266	[8, 9, 10, 11, 12, 13]
267	[18, 19, 20, 21, 22, 40, 41, 44, 133, 134, 135, 136, 157, 158, 211, 212, 213, 319, 320, 321, 322, 429, 430, 431, 432, 433, 434, 435]
268	[6, 7, 8, 9, 10, 11, 13, 14, 15, 16, 17, 18, 19, 20, 33, 34, 35, 71, 72, 73, 74, 114, 140, 141, 197, 198, 199, 241, 242, 243, 244, 282, 283, 289, 290, 291, 292, 293, 294]
269	[3, 4, 5, 45, 122, 123, 124, 125]
270	[31, 32, 33, 34, 53, 107, 108, 109, 276, 277, 278, 279, 280, 281, 282, 283, 284, 285]
271	[38, 39, 40, 41, 75, 76, 77, 83, 121, 122, 123, 124, 127, 128, 151, 152, 153, 154, 155, 174, 175, 176, 177, 178]
272	[27, 28, 29, 60, 96, 97, 205, 206, 207, 208, 209, 210, 211]
273	[29, 45, 46, 70, 71, 72]
274	[22, 23, 24, 25, 26, 27, 28]
275	[0, 6, 7, 8, 9]
276	[40, 48, 49, 50, 51, 93, 94, 95, 105, 106, 107, 108, 165, 166, 167, 168, 169, 170, 171, 175, 176, 177, 273, 274]
277	[13, 14, 44, 106, 107, 108, 109, 129, 130]
278	[38, 197, 198, 203, 204, 205, 206, 261, 262, 355, 356, 357, 358, 411, 412, 413, 414, 419, 420, 421, 422, 423, 424, 425]
279	[5, 6, 7, 8, 9, 10, 19, 55, 56, 188, 189, 190, 191]
280	[48, 87, 88, 95, 96, 97, 98, 99, 100, 101, 102, 103]
281	[30, 31, 32, 33, 68, 69, 84, 85]
282	[1, 2, 3, 13, 209, 210, 320, 321, 398, 399, 556, 557, 558, 559]
283	[12, 13, 14, 15, 16, 17, 21, 22, 63, 101, 102, 121, 122]
284	[9, 10, 11, 12, 13, 14, 15, 35, 159, 160, 161, 162]
285	[8, 9, 10, 11, 12, 13, 14, 15, 90, 126, 127, 265, 266, 304, 305, 415, 416, 417, 418, 419, 472, 473]
286	[0, 1, 2, 3, 5, 6, 7, 8, 9, 10, 11, 12]
287	[20, 44, 45, 46, 47, 48, 49, 50, 51, 52]
288	[67, 68, 69, 114, 115, 116, 117, 120, 276, 277, 358, 359, 360, 401, 402, 403, 404, 660, 661, 662, 663, 814, 815, 816, 817, 818, 819, 820, 821, 849, 850, 887, 888, 953, 954]
289	[2, 3, 4, 5, 6, 7, 11, 23, 24, 25, 26, 27, 37, 38, 39, 40, 41, 42]
290	[42, 43, 44, 45, 119, 245, 246, 247, 248, 249, 250]
291	[102, 103, 111, 112, 113, 114, 115, 116, 117, 149, 200, 201, 264, 265, 266, 413, 414, 415, 416, 662, 663, 664, 665, 666, 667]
292	[75, 113, 114, 314, 315, 316, 331, 332, 333, 334, 335]
293	[7, 8]
294	[78, 79, 116, 117, 147, 148, 149, 150, 151, 167]
295	[15, 16, 17, 18, 19, 53]
296	[9, 10, 11, 12, 13, 23, 24, 25, 26, 39, 40, 41, 69, 170, 171]
297	[3, 37, 38, 39, 40]
298	[7, 8, 9, 10, 11, 12, 13, 14]
299	[4, 14, 15, 16, 17, 87, 88, 89, 90, 91, 92, 93, 94, 96, 97, 98, 99, 138, 139]
300	[89, 90, 91, 92, 152, 153]
301	[31, 75, 76, 102, 103, 104, 105, 106, 107, 108, 109, 110, 121, 122, 123, 124, 149, 150, 405, 406, 411, 412, 414, 415, 416, 417, 880, 881, 882, 883, 884, 885, 886, 887]
302	[0]
303	[25, 26, 27, 28, 40, 41, 42, 84, 85, 86, 87, 145, 146, 224, 225, 226, 227, 228]
304	[32, 33, 34, 35, 37, 38, 39]
305	[52, 78, 79, 80, 81, 98, 99, 100, 101, 102, 103]
306	[19, 44, 45, 428, 429, 430, 431, 514, 515, 516, 517, 518, 519, 520, 521]
307	[10, 126, 127, 162, 163, 164, 165, 199, 200, 201, 202, 261, 262, 347, 348, 349, 368, 369, 370, 409, 410, 411, 412, 413, 414, 415, 416, 417, 598, 599]
308	[12, 13, 14, 15, 16]
309	[8, 9, 10, 15, 22, 23, 24, 25, 26, 27, 42, 43, 44, 45]
310	[17, 18, 19, 20, 24, 137, 138, 161, 162, 201, 202, 203, 204, 215, 216, 217, 218, 219, 220]
311	[24, 25, 28, 54, 55, 56, 74, 75, 76, 77]
312	[47]
313	[0, 10, 11, 28, 29, 30, 31, 32, 33]
314	[27, 28, 29, 30, 37, 38, 39, 40, 41, 42, 63]
315	[16, 17, 18, 19, 20, 21, 25, 27, 28]
316	[6, 7, 8]
317	[13, 14, 15, 16, 18, 19, 20, 21, 22, 23, 44, 45, 46, 50, 51, 119, 209, 210, 366, 367]
318	[18, 19, 20, 21, 22, 23, 24, 25, 162, 163, 164, 165, 166, 167, 168]
319	[]
320	[0, 1, 2, 3]
321	[9, 10, 11, 12, 13, 14, 15, 16, 55, 119, 120, 121, 122, 139, 140, 141, 142]
322	[5, 6, 35, 36, 37, 38, 39, 40, 41, 42, 72, 85, 86, 87, 88, 89, 90, 91, 92, 93, 94, 95]
323	[46, 47, 48, 49, 127, 137, 138, 428, 429, 430, 431, 437, 438, 439, 440, 441, 442, 443]
324	[8, 27, 28, 29, 43, 44, 45, 46]
325	[]
326	[30, 31, 33, 34, 35, 36, 37, 38, 45, 46, 47, 64, 81, 82]
327	[17, 25, 26, 27, 28, 29, 30, 31, 32, 60, 61, 79, 80, 81, 101, 102, 103, 104, 105, 106, 107, 108, 118, 119, 205, 206, 207, 246, 247, 248, 249, 275, 276, 277, 278, 279, 280]
328	[18, 19, 20, 32, 185, 186, 187, 272, 273, 274, 275, 276, 277, 278, 279, 475, 476, 504, 505, 515, 516, 627, 628, 629, 630, 660, 661, 662]
329	[]
330	[21, 48, 49, 50, 51, 52, 114, 115, 147, 148, 172, 173, 174, 211, 212, 213, 214, 215, 216]
331	[6, 7, 8, 9, 10, 11, 33, 112, 113, 120, 121, 122, 142, 143, 179, 180, 181, 182, 183, 184, 185, 225, 226, 227]
332	[0, 13, 14, 15, 16, 17, 18, 19, 83, 84, 255, 256, 257, 258, 263, 264, 353, 354, 355, 395, 396, 564, 565, 566, 567, 692, 693, 694, 695, 696, 697, 802, 803, 804, 805, 806, 807, 808, 809]
333	[22, 23]
334	[41]
335	[42, 43]
336	[31, 50, 51, 52, 53, 54, 55, 56, 57, 86, 87]
337	[23, 24, 25, 26, 28, 29, 30, 31, 32]
338	[9, 10, 11, 12, 13, 14, 15, 16, 17, 18, 68, 134, 135, 136, 137, 141, 142]
339	[47, 48, 49, 50]
340	[46, 47, 48, 49, 50, 51, 64, 95, 96, 97, 98, 99]
341	[20, 21, 146, 185, 186, 187, 188, 189, 190, 191, 192]
342	[30, 31, 48, 49, 50, 51, 52]
343	[13, 14, 15, 16, 32, 33, 45, 59, 60, 179, 180, 184, 185, 186, 187, 188, 189]
344	[3, 4, 19, 188, 189, 198, 199, 200, 201, 202, 203]
345	[11, 12, 15, 45, 46, 47, 168, 169, 170, 171, 172, 173, 174, 175, 176]
346	[15, 16, 28]
347	[7, 81, 82, 83, 84, 85]
348	[1, 2, 26, 27, 28, 29, 30, 31, 32]
349	[11, 12, 13, 14]
350	[38, 99, 100, 101, 102]
351	[14, 15, 16, 17, 18, 19, 47, 48, 74, 75, 76, 77, 78, 79, 82]
352	[10, 134, 135, 136, 137, 138, 139, 140, 141, 142, 143]
353	[76, 93, 94, 95, 96]
354	[0, 373, 374, 433, 434, 472, 473, 474, 475, 476, 477, 623, 624, 625, 626, 627, 630, 631, 632, 633, 634]
355	[16, 17, 21, 49, 50, 109, 110, 111, 112, 113, 114, 115]
356	[56]
357	[18, 19, 20, 21, 22, 23, 24, 25]
358	[77, 78, 79, 80, 81, 102, 103, 189, 190, 191, 192, 193, 251, 379, 380, 381]
359	[13, 117, 118, 119, 120, 192, 193]
360	[45, 46, 47, 48, 49, 50, 51, 52, 53, 54, 55, 56]
361	[29, 30, 31, 32, 33, 34, 70, 71, 72, 73, 74]
362	[11, 12, 13, 40, 41, 42, 43, 58, 59, 60, 61, 73, 74, 121, 122, 123, 170, 171, 287, 288]
363	[2, 3, 4, 21, 22, 23, 24, 28, 29, 30, 31, 32, 33, 34, 36, 37, 38, 64, 65, 66, 86, 100, 101, 125, 126, 127, 128, 129, 162, 163, 164]
364	[21, 22, 23, 24, 52, 53, 54, 55, 157, 158, 180, 181, 182, 183, 184, 185, 199, 200]
365	[20, 21, 24, 151, 152, 153, 154, 155, 156, 157, 158, 159]
366	[49, 50]
367	[0, 1, 2, 3, 27, 28, 50, 68, 69, 70, 88, 89, 104, 105, 115, 116]
368	[30, 31, 35, 37, 38, 39, 40, 41, 42]
369	[6, 7, 8, 9, 10, 11, 36, 49, 50, 51]
370	[21, 22, 23, 24, 25, 26, 27, 28, 30, 31, 32, 33]
371	[6, 7, 8, 11, 51, 52, 53, 54, 55, 161, 162, 163, 273, 274, 282, 283, 284, 285, 286]
372	[32, 33, 34, 35, 36, 37, 48]
373	[1, 2, 3]
374	[51, 177, 178, 179, 180, 181, 182, 183, 184, 185, 186]
375	[11, 12, 13, 14, 25, 26, 27, 28, 55, 56, 57]
376	[1, 6, 7, 8, 34, 35, 36, 37, 139, 140, 141, 142]
377	[5]
378	[59, 60, 63, 67, 68, 69, 70, 71, 72, 73, 74, 75]
379	[45, 49, 50, 51, 52, 53, 54]
380	[1, 2, 5, 6, 7, 8, 9, 10, 55, 56, 82]
381	[56, 57, 58, 59, 60, 61, 120, 130, 131, 132, 133, 157, 158, 343, 344, 345, 346, 355, 356, 357, 358, 359, 360, 373, 374, 390, 391, 392, 393, 394, 395, 396, 397, 398, 399]
382	[22, 23, 38, 101, 102, 127, 128, 129, 130, 131, 132]
383	[10, 11, 12, 38, 39, 150, 151, 155, 157, 158, 159, 160, 161, 162]
384	[26, 158, 159, 160, 195, 196, 197, 198, 219, 220, 221, 222, 223, 224, 263, 264]
385	[36, 37, 38, 39, 40, 57, 58, 59, 60, 85, 86]
386	[34, 35, 37, 38, 39, 40, 41, 42, 82]
387	[11, 12, 13, 14, 15, 16, 17, 18, 19, 20]
388	[28, 29, 30, 31, 32, 53, 54, 55, 56, 57, 58]
389	[73]
390	[1, 2, 3, 4, 5, 6, 7, 12, 13, 14, 15, 16, 17, 18, 19, 151, 152, 254, 300, 301, 302, 438, 439, 440, 446, 447, 448, 499, 500, 501, 502, 657, 658, 674, 675, 676, 677, 802, 803, 811, 812, 813, 814, 815, 816, 817, 818, 836, 837, 838, 839, 840, 841, 842, 843, 844]
391	[3, 4, 36, 37, 38]
392	[2, 3, 4, 5]
393	[25, 155, 156, 157, 158, 159, 160, 161, 162, 224, 225, 242, 243, 278, 279, 280, 281, 282, 283, 284]
394	[11, 38, 39, 40, 41, 64, 65, 68, 69, 70, 71, 72, 73, 74, 75]
395	[21, 22, 23, 31, 32, 33, 34, 35, 58, 79, 80, 81, 82]
396	[23]
397	[1, 2, 3, 12, 41, 42, 119, 120, 121, 122]
398	[4, 5, 6, 7, 8, 9, 10]
399	[5, 6, 7, 8, 9, 78, 79, 80, 81]
400	[22, 23, 24, 25]
401	[12, 20, 21, 22, 23, 24, 25, 26]
402	[8, 65, 66, 67, 68, 69, 70, 71, 72]
403	[38, 39, 40, 41]
404	[16, 23, 24, 25, 26, 27, 28]
405	[41, 174, 175, 223, 224, 225, 226, 269, 270, 271, 272, 273, 274]
406	[24, 25, 26, 27, 36]
407	[8, 9, 10, 11, 12, 13, 29, 36, 37, 38]
408	[13, 14, 15, 17, 25, 26, 27, 28, 88, 89, 90, 93, 94, 95, 96, 97, 98, 99, 100, 101, 284, 285]
409	[28, 29, 30, 31, 33, 34, 35]
410	[15, 16, 40, 56, 57, 58, 59, 60, 61, 62, 79, 80, 81, 82, 83, 84, 175, 176, 200, 201]
411	[1, 2, 22, 39, 40, 41, 42, 43, 44]
412	[65, 72, 73, 170, 171, 172, 173, 255, 256, 257]
413	[13, 14, 15, 16, 54, 55, 90, 99, 100, 101, 102]
414	[10, 11, 12, 74, 75, 76, 77, 101, 102, 120, 121, 122, 123, 124, 125, 126, 127, 128, 129, 132, 133]
415	[6, 215, 216, 217, 218, 219, 310, 311]
416	[4, 5, 6, 7, 8, 9, 10, 36, 37, 38, 39, 40]
417	[83, 113, 114]
418	[9, 10, 11, 12, 13, 14, 15, 16, 23, 24, 25, 26, 27, 28, 29, 30, 31, 72, 73, 74, 75, 76, 87, 88, 89, 90, 91, 92, 163, 164, 165, 218, 219, 220, 221, 222, 223, 312, 313, 314, 315, 316, 409, 410, 411, 472, 473, 474, 475]
419	[9, 20, 21, 22, 23, 24, 25, 26, 27, 70, 71]
420	[127, 128, 129, 130, 131, 132, 170, 171, 172, 173, 179, 186, 187, 188, 189]
421	[29, 30, 47, 48, 49, 50, 51, 52, 87, 139, 140, 173, 174, 175, 176]
422	[1, 2, 53, 165, 166, 167, 168, 186, 187, 188, 212, 213, 214, 215, 216, 217]
423	[61, 62, 63, 64, 65, 66, 70, 71, 83, 84, 85, 86, 103, 109, 110, 111, 112, 113, 114, 130, 131]
424	[37, 38, 39, 40, 41, 55, 56]
425	[1, 2, 3, 41, 42, 97, 123, 124, 125, 126, 130, 131, 132, 133, 134, 175, 176, 177, 178, 179, 180, 181, 199, 200, 201, 202, 203, 204, 236, 237, 238, 239]
426	[6, 7, 8, 25, 40, 41, 54, 55, 56, 57, 58]
427	[34, 35, 36, 37, 82, 121, 122, 127, 128, 205, 206, 207]
428	[11, 12, 13, 58, 59, 67, 69, 70, 94, 95, 96, 97, 153, 154, 155, 156, 157, 158, 174, 175, 176, 177]
429	[33, 69, 70, 71, 86, 87]
430	[6, 7, 46, 47, 48, 49]
431	[0, 1, 2, 3]
432	[23, 27, 28, 29, 30, 31]
433	[45, 162, 163, 164, 165, 166, 167]
434	[21, 99, 100, 185, 186, 187, 298, 299, 300]
435	[24, 25, 26, 40, 41, 42, 43, 44, 45, 46, 47, 48, 49, 109, 110, 111, 112, 113, 140, 252, 253]
436	[44, 67, 68, 69, 70, 71, 72]
437	[16, 17, 18, 19, 21, 26, 27, 28, 154, 155, 156, 157]
438	[11, 92, 93, 94, 95, 96, 97, 98, 99, 143, 144, 176, 177, 329, 330, 331, 332, 333, 429, 430, 608, 609, 622, 623, 624, 625, 626, 627, 628, 670, 671, 672, 673, 674, 675, 676, 677, 678, 773, 774, 775, 776, 777, 778, 779, 780, 781, 782, 783, 784]
439	[10, 18, 19, 20, 36, 37, 38, 39, 48, 49, 56, 57, 66, 67, 68, 69, 137, 138, 139, 140, 141, 142]
440	[39, 40, 41, 42, 43, 44, 45]
441	[13, 14, 15, 16, 17, 42, 43, 44, 45, 46, 47, 48, 49, 50, 51, 52, 74, 75, 76, 77, 99]
442	[62, 63, 64, 65, 66]
443	[5, 6, 7, 8, 9, 38, 39]
444	[12, 13, 14, 15, 16, 26, 27, 28, 29, 38, 39, 42]
445	[43]
446	[7, 8, 9, 10, 11, 12, 13, 14, 32, 33]
447	[15, 102, 103, 201, 202, 223, 224, 225, 280, 281]
448	[14, 48, 49, 50, 51, 52, 53, 54, 55, 133, 134, 135, 136, 137, 138]
449	[0, 20, 21, 76, 77]
450	[1, 8, 9, 10, 11, 12, 31, 32, 33, 34, 35, 36, 65, 66]
451	[21, 42, 43, 44, 45, 46, 47]
452	[50, 78, 79, 80, 81, 82, 83, 84, 85, 116, 117, 123, 124, 142, 143, 144, 145, 147, 148, 149, 150, 151, 152]
453	[17, 37, 38, 39, 40, 41, 42, 193, 194, 195, 196, 198, 199, 200, 201, 202, 203, 341, 342, 343, 440, 441, 585, 586]
454	[10, 11, 12, 13, 58, 59, 98, 99, 100, 101, 102, 103, 104, 105]
455	[49, 50, 87, 88, 89, 90, 91, 92, 98, 99, 100, 101]
456	[13, 15, 16, 53, 54, 55]
457	[18, 19, 23, 25, 26, 27, 28, 29, 30]
458	[5, 6, 7, 8, 16, 17, 18, 19, 20]
459	[2, 3, 15, 16, 17, 18, 19, 23]
460	[20, 21, 22, 23, 24, 25, 26, 27, 44]
461	[12, 13, 14, 54, 55, 56, 57, 95, 96, 97, 196, 197, 198, 199]
462	[1, 2, 4, 5, 6, 7, 8, 9, 14]
463	[20, 67, 68, 69, 70, 71, 72, 107, 108, 109, 110, 111, 112, 113]
464	[7, 8, 9, 16, 17, 44, 45, 85, 86, 101, 102, 103, 104, 128]
465	[1, 2, 3]
466	[24, 25, 26, 40, 41, 49, 55, 56, 57, 58, 59, 60, 61, 62, 130, 131, 132, 133, 134]
467	[4, 23, 24, 25, 26, 27, 28]
468	[2, 3, 4, 16, 17, 20, 77, 78, 79, 80, 81]
469	[21, 48, 49, 50, 51, 83, 84, 85, 86]
470	[7, 8, 52, 53, 64, 65, 106, 112, 113, 114, 115, 227, 228, 229, 230, 231, 232]
471	[6, 7, 8, 18, 19, 20, 21, 22, 23, 24, 25, 28, 30, 31, 32, 33, 34]
472	[0, 9, 10, 11]
473	[71, 72, 73, 74, 75, 76, 176, 177, 178, 179, 180, 181, 182, 183, 215, 216]
474	[]
475	[15, 16, 17, 18, 19, 20, 45, 46]
476	[6, 7, 8, 9, 10, 11, 35, 36, 37, 38, 67, 72, 73, 139, 140, 177, 178]
477	[11, 12, 13, 14]
478	[34, 35, 36, 37, 38, 39, 42, 55, 56, 57, 58, 63, 64, 125, 126, 127, 128, 251, 252, 253, 254, 255, 256, 257, 287, 288, 289, 304, 305, 306, 330, 331, 340, 341, 342, 343, 404, 405, 406, 407]
479	[64, 65, 123, 124, 125, 126, 127, 128, 154, 155, 156, 268, 352, 353]
480	[0, 1, 2, 3, 4, 5, 6, 7, 8, 9, 10, 55]
481	[7, 8, 15, 52, 53, 54, 55, 56, 88, 89, 90, 91, 92, 93]
482	[13, 14, 15, 16, 17, 18, 19, 20, 21, 22, 208, 209, 210, 271, 272, 273, 274, 275, 288, 556, 557, 558, 559, 743, 744, 758, 759, 803, 804, 886, 887, 888, 889]
483	[42, 222, 223, 224, 225, 226, 227, 228, 229, 319, 320, 321, 322, 347, 348, 349]
484	[12, 71, 72, 73, 74, 75, 76, 117, 118, 119, 120, 121, 132, 133, 155, 156, 181, 182, 183, 184, 252, 253, 395, 396, 397, 414, 415, 502, 503, 504, 505, 506, 507]
485	[53, 91, 92, 93, 114, 115, 120, 121, 130, 131, 132, 133, 145, 146, 147, 148, 254, 255, 256, 257, 258]
486	[55, 56, 57, 58, 60, 61, 62]
487	[94, 128, 129, 196, 197, 198, 199, 410, 411, 412, 413, 414, 530, 531, 532, 535, 536, 550, 551, 552, 553, 554, 555, 632, 633, 634, 635, 636]
488	[11, 12, 13, 14, 44, 45, 46, 47, 62, 68, 69]
489	[4, 5, 6, 7, 25, 26, 27, 28, 29, 30, 36, 37, 38, 39, 40, 41, 42, 43]
490	[43, 44, 45, 46, 47, 48, 49, 50]
491	[49, 68, 69, 91, 92, 93, 99, 100, 101, 102]
492	[67, 74, 75, 76, 77, 78, 79, 80, 82, 83, 84, 101, 102, 103, 104, 122, 123]
493	[8, 53, 54, 55, 56, 58, 59, 60, 61, 62, 69, 70, 71, 72, 79, 80]
494	[56, 57, 58, 139, 234, 235, 381, 382, 383, 384, 385, 390, 391, 392, 393, 394, 488, 489, 490, 491, 492, 562, 563, 628, 629, 676, 677, 678]
495	[2, 3, 32, 33, 34, 35, 47]
496	[15, 16, 17, 18, 19, 20, 23]
497	[1, 2, 9, 97, 98, 99, 209, 210, 387, 388, 389]
498	[26, 27, 28, 29, 30, 31, 32, 69, 70, 102, 103, 104, 105, 106, 107, 108, 109, 136, 140, 141, 162, 163]
499	[7, 8, 9, 10, 11, 12, 55]
500	[40, 50, 51, 84, 85, 90, 91, 92, 93, 94, 95, 96, 97, 99, 100, 101, 102, 103, 104, 108, 109, 110]
501	[]
502	[10, 23, 24, 25, 26, 27, 28, 29, 30]
503	[0, 1, 2, 58, 83, 84, 85, 86, 87, 88, 89, 90, 91]
504	[6, 7, 25, 27, 28, 29, 30, 50, 51, 52, 61, 62, 102, 103, 104, 105, 148, 149, 150, 151, 183, 184, 185, 186]
505	[26, 27, 28, 29, 52, 55, 56, 57, 58, 90, 91, 92]
506	[9, 10, 11, 12, 13, 14, 15, 26]
507	[14, 15, 16, 17, 18, 19]
508	[3, 4, 5, 58, 72, 73, 74, 75, 76, 77, 78, 79, 80]
509	[]
510	[18, 19, 20, 45, 46, 47, 111, 112, 113, 114, 171, 172, 173, 174, 195, 196, 197, 198, 199, 200, 201, 202, 233, 234, 235, 236, 237, 238, 239, 240, 241]
511	[40, 41, 62, 97, 98, 99, 100, 173, 174, 175, 176, 177]
512	[10, 11, 12, 13, 14, 15, 29, 30, 31, 32, 58, 59, 108, 109, 110, 111, 112, 113, 114, 115, 146, 147, 148, 156]
513	[11, 193, 194, 195, 196, 197, 198, 199]
514	[96]
515	[7, 24, 25, 26, 27, 28]
516	[16, 17, 39, 40]
517	[17, 70, 71, 72, 73, 246, 247, 248, 249, 250, 251, 273, 274, 276, 277, 282, 283, 284, 285, 507, 508, 509, 510, 511, 512, 513, 514, 515, 516, 517, 621, 622, 623, 624, 626, 627, 710, 711]
518	[41, 42, 48, 49, 50, 148, 149, 150, 151, 152, 189, 190, 191, 192]
519	[1, 2, 3, 22, 23, 24, 61, 62, 63, 64, 65, 66, 67, 68, 97, 98, 99, 100, 101]
520	[139, 140, 299, 300, 301, 302, 303, 314, 377, 378, 379, 427, 428, 429, 430, 431, 432, 433, 434, 435, 458, 459, 460, 461, 462, 463, 464]
521	[43, 44, 45, 46]
522	[33, 42, 43, 44, 45, 48, 49, 50, 51, 52, 53, 54, 55]
523	[29, 30, 31, 32, 158, 159, 197, 202, 203, 204, 216, 217, 218, 219]
524	[52, 113, 114, 155, 156, 157, 288, 289, 290, 291, 292, 293, 314, 315]
525	[7, 8, 9, 10, 11, 12, 13, 47, 101, 102, 138, 139, 140, 141, 142, 143, 144, 145]
526	[48, 78, 79, 93, 94, 95, 125, 126, 127, 128, 140, 141, 142, 143, 144]
527	[17, 33, 34, 41, 42, 43, 44, 45, 269, 270, 271]
528	[10, 11, 12, 42, 43, 44, 45, 46, 47]
529	[4, 5, 6, 7, 8, 9, 10, 35, 36]
530	[24, 25, 26, 31, 47, 48, 49, 50, 137, 138, 171, 172, 184, 185]
531	[12, 13, 14, 15, 54, 65, 66, 67, 68, 201, 202, 203, 204]
532	[12, 25, 26]
533	[1, 2, 25, 26, 27, 28, 29, 30, 49]
534	[0, 1, 2, 3]
535	[7, 8, 9, 28, 29, 30, 31, 56, 118, 119, 120, 121, 122, 123]
536	[0, 1, 2, 21, 22, 23, 24, 25, 26, 27, 30, 31, 55, 56, 57, 65, 66, 67, 68]
537	[14, 15, 16, 17, 18, 19]
538	[26, 27, 28, 29, 30, 31, 32, 33, 34, 44, 45, 66, 132, 133, 155, 156, 157, 158, 164, 165, 166, 167, 185, 186, 471, 472]
539	[14, 41, 42, 90, 91, 92, 93, 94, 95]
540	[0, 1, 45]
541	[4, 30, 31, 32, 33, 142, 143, 144, 145, 146, 147, 148, 149]
542	[78, 121, 122, 221, 222, 223, 224, 225, 226, 227, 252, 253, 267, 268, 269, 270, 271, 272]
543	[15, 16, 17, 18, 36, 37, 38, 39, 40, 41, 84, 313, 314]
544	[32, 33, 34, 45, 46, 47, 48, 49, 50, 51]
545	[149, 150, 161, 226, 227, 228, 229, 230, 231, 302, 303, 304, 305]
546	[0, 1, 2, 3, 19, 20]
547	[1, 2, 3, 9, 10, 11, 12, 13, 14, 31, 37, 38, 39, 40, 41, 42, 43, 44, 70, 71, 72, 73, 74, 75, 160, 161, 180, 181, 205, 206, 207, 208, 209, 210, 216, 217, 228, 229, 230, 231, 287, 288, 289, 290, 291, 292]
548	[0, 1, 2, 3, 4, 5, 49, 50, 69, 107, 108]
549	[6, 54, 55, 56, 57, 63, 64, 65, 66, 67]
550	[6, 7, 8, 9, 72]
551	[12, 13, 14, 42, 43, 44, 45, 71, 168, 169, 605, 606, 607, 608, 779, 780, 781, 782, 861, 862, 863, 962, 963, 964]
552	[19, 20, 21, 22]
553	[10, 38, 39, 103, 104, 105, 106, 107, 116, 117, 118, 119, 172, 173, 174, 175, 176, 177, 178, 179]
554	[83, 84, 85]
555	[13, 23, 24, 69, 70, 71]
556	[18, 19, 54, 55, 56, 57, 58, 59, 60, 65, 66, 67, 68, 91, 92, 109]
557	[89, 90, 215, 225, 226, 251, 252, 253, 254, 255, 256, 257]
558	[1, 2, 16, 19, 20, 21, 22, 23, 24, 25, 26, 33, 34, 35, 36, 75, 76, 77]
559	[19, 20, 21, 31, 64, 65, 66, 67, 68, 69, 215, 216, 217, 218]
560	[52, 53, 54, 55, 56, 57, 58, 59, 60, 78, 79, 80, 134, 135, 136, 137, 138, 139, 140, 141, 158, 215, 216]
561	[17, 18, 19, 20, 57, 60, 61, 70, 71, 73, 74, 75, 79, 80, 81, 102, 103, 104, 138, 139, 186, 187, 188, 252, 253, 674, 675, 676, 677, 793, 794, 795, 796, 797]
562	[40, 41, 42, 43, 78, 79, 80, 81, 82, 83, 84, 96, 97, 98, 99]
563	[47, 48, 63]
564	[39, 44, 45, 46, 47, 48, 90, 91, 102, 103, 104, 105, 106, 107, 108, 109]
565	[16, 17, 18, 21, 135, 136, 137, 138, 146, 147, 148, 149, 150, 151]
566	[43, 52, 53, 77, 78, 79, 80]
567	[10, 11, 21, 22, 23, 57, 99, 100, 101, 102, 144, 145, 146, 147, 148, 149, 150]
568	[22, 24, 25, 26, 27]
569	[1, 2, 3, 10, 11, 12, 13, 49, 77, 78, 139, 140, 141, 142, 143, 144, 145]
570	[10, 120, 121, 122, 123, 124, 125, 126, 127, 128]
571	[11, 23, 24, 32, 33, 34, 35]
572	[42, 43, 66, 67, 71, 103, 104, 105, 106, 107, 108, 109, 110, 111, 112]
573	[5, 6, 25, 26, 27, 28, 29, 30, 31, 32, 33]
574	[41, 42, 43, 54, 149, 150, 151, 152, 159, 160, 161, 301, 302, 373, 374, 375, 376, 377, 378, 379, 380, 381, 382, 438, 439, 580, 581, 582, 583, 584, 612, 613, 643, 644, 645, 703, 704, 734, 735, 736, 737, 988, 989, 990, 991]
575	[25, 26, 38, 39, 40, 83]
576	[71, 72, 73, 74]
577	[2, 20, 21, 22, 23, 80, 81, 92, 93, 94, 95, 96]
578	[112, 113, 114, 115, 116, 117]
579	[11, 12, 29, 30, 31, 44, 45, 46, 47, 49, 50, 51, 52, 53]
580	[7, 24, 25, 26, 27, 33, 34, 142, 143, 144, 145, 146, 147, 148]
581	[13, 14, 15, 57, 58, 59, 60, 61]
582	[26, 27, 28, 29, 55, 56, 57, 58, 131, 132, 187, 188, 189, 190, 196, 233, 234, 235, 236, 237, 238]
583	[1, 2, 91, 92, 93, 94, 95, 96, 97, 98, 102]
584	[51, 90, 91, 92, 93, 94, 95]
585	[6, 7, 8, 81, 226, 227, 228, 229, 230, 231]
586	[24, 25, 26, 27, 28, 34, 112, 113, 114, 115, 195, 196, 256, 257, 258, 259, 260, 267, 268]
587	[10, 19, 20, 21, 22, 23, 24]
588	[64, 65, 109, 110, 117, 523, 524, 531, 532, 533, 534, 535, 536, 537, 538, 539]
589	[0, 1, 2, 3, 5, 6, 7, 8, 10, 11, 12]
590	[7, 8, 9, 10]
591	[7, 8, 9, 50, 51, 52, 53, 54, 87, 151, 152, 384, 385, 386, 387, 453, 454, 455, 456, 500, 501]
592	[34, 41, 42, 47, 48, 49, 50, 51, 52]
593	[11, 12, 13, 14, 15, 16, 17, 18]
594	[22, 26, 27, 28, 42, 43, 126, 127, 128, 129, 130, 131, 132, 133, 180, 181, 209, 210, 211, 212, 213, 214]
595	[2, 3, 4, 5, 6, 13, 57, 58, 87, 88, 89, 90, 166, 167, 240, 241, 242, 243, 244, 245, 306, 307, 308, 417, 418, 419, 432, 433, 434, 435]
596	[4, 5, 6, 7, 37, 38, 39, 40, 41, 42, 43, 44, 45, 56, 57, 70, 83, 84, 85]
597	[17, 18, 19, 20, 21, 22, 47]
598	[40, 83, 84, 85, 86]
599	[29, 30, 31, 32, 33, 34, 36, 37, 38, 39, 88, 89, 90, 91, 158]
600	[1, 2, 3, 5, 37, 38, 39, 40, 143, 144, 145, 146, 147, 227, 228, 229, 230]
601	[]
602	[53, 97, 98, 99, 100, 101, 120, 121]
603	[21, 22, 23, 24, 25, 26]
604	[22, 23, 24, 25, 63, 64, 87]
605	[9, 40, 41, 42, 43, 44, 45, 90, 91]
606	[70, 88, 89, 90, 91, 92, 93, 118, 119, 125, 126]
607	[21, 22, 23, 24, 25, 31]
608	[21, 22, 23, 24, 25, 26, 59, 139, 140, 180, 181, 182, 183]
609	[32, 33, 34, 35, 42, 43, 112, 160, 161, 162, 163, 164, 165, 166, 167, 168, 172, 173, 181, 182, 183]
610	[0, 65, 66, 142, 143, 144, 145]
611	[8, 9, 10, 11, 12, 13, 14, 15, 16, 19, 20, 21, 22, 42, 43, 44, 45, 46, 47]
612	[40, 41, 42, 43, 44, 45, 46, 47, 48, 49, 50, 124, 125, 126, 127, 128, 204, 205]
613	[51, 53, 54, 55, 56, 57]
614	[14, 15, 16, 60, 61, 62, 63, 64, 65, 66]
615	[29, 30, 31, 34, 151, 152, 221, 222, 287, 288, 289, 290, 291, 292, 370, 371, 372, 373]
616	[39, 40, 41]
617	[19, 20, 25, 34, 35, 36, 37, 70, 71]
618	[50, 51, 52, 57, 58]
619	[9, 70, 71, 72, 73, 160, 161, 162, 163]
620	[14, 15, 16, 17, 18, 79, 80, 81, 82, 83, 104, 105, 106, 107, 108, 109, 110]
621	[0, 1, 2, 3, 4, 5, 16, 17]
622	[37, 38, 39]
623	[]
624	[36, 37, 38, 73, 74, 75]
625	[0, 1, 2, 3, 4, 5, 33, 34, 35, 36, 45, 46]
626	[18, 19, 20, 21, 22, 23, 24]
627	[7, 8, 12, 15, 16, 18, 19, 20, 21, 62, 63, 68, 69, 70, 90, 91]
628	[20, 21, 29, 231, 232, 233, 234, 235]
629	[25, 26, 27, 28, 77, 78, 82, 93, 94, 95, 96, 97, 98, 99, 100, 101, 102]
630	[26, 27, 31, 32, 33, 34, 35, 36]
631	[24, 25, 29, 47, 48, 49, 50, 59, 60, 61, 62, 63, 64, 99, 100, 101, 102, 103, 104, 105]
632	[41, 42, 43, 44, 45, 46, 47, 48, 49]
633	[32, 33, 62, 63, 64, 65, 88, 133, 134, 135, 136, 137]
634	[28, 117, 118, 120, 121, 122, 123, 124, 125, 139, 140, 141]
635	[1, 2, 7, 8, 25, 26, 27, 28, 29, 30, 43, 44, 65, 91, 92, 93, 94]
636	[1, 2, 3, 15, 29, 30, 31, 32, 33, 34, 35, 36]
637	[28, 101, 102, 176, 177, 180, 181, 182, 183, 184, 199, 200]
638	[10, 11, 12, 13, 33, 34, 35, 36, 37, 39, 69, 70]
639	[27, 28, 29, 30, 31, 32]
640	[10, 11, 14, 16, 17, 18, 19, 20, 21, 22]
641	[85, 86, 88, 89, 90, 95, 96, 97, 98, 99, 100]
642	[14, 15, 37, 38, 39, 40, 41, 50, 51, 66, 67, 68, 69, 70]
643	[5, 6, 7, 8, 9, 10, 11, 12, 13, 23, 24, 25, 26, 40, 44, 45, 341, 342, 343, 344, 345, 392, 393, 394, 395, 396, 397, 398, 531, 532, 533, 534, 535, 536, 537, 538, 539, 540, 541]
644	[14, 19, 20, 59, 60, 61, 62, 63, 64]
645	[6, 19, 20, 21, 22, 23]
646	[55, 56, 57, 58, 59, 60, 61, 62]
647	[91, 92, 100, 101, 127, 128, 129, 130, 131, 132, 133, 134]
648	[]
649	[9, 10, 11, 12, 13, 20, 21, 32, 33, 47, 48, 49, 50]
650	[108, 170, 171, 172, 173, 174, 175, 176, 181, 182, 183, 191, 192, 193, 194, 195]
651	[31, 32, 33, 34, 35, 36]
652	[50, 51, 52]
653	[12, 13, 14, 15, 16, 17]
654	[5, 6, 7, 8, 73, 74, 75, 76, 77, 78, 83, 84, 172, 199, 200, 201, 202, 203, 368, 369, 431, 432, 538, 539, 540, 557, 558, 559, 560, 561, 562, 563, 564, 565]
655	[93, 114, 115, 116, 135, 136, 137, 138, 139, 140, 141, 142, 143, 156, 157, 396, 397, 398, 399, 504, 505, 506, 507, 597, 598, 599, 600, 601, 602]
656	[13, 15, 16, 17, 18, 69, 70, 101, 102, 103, 115, 116, 117, 118, 142, 143, 144, 145, 146, 147, 193, 194, 195, 196, 201, 202, 203]
657	[50, 51, 52, 53, 84, 85, 92]
658	[]
659	[18, 19, 20, 21, 22, 23, 24, 25]
660	[4, 5, 6, 7]
661	[25, 26, 40, 41, 167, 168, 169, 170, 171, 172, 173, 174, 175, 176]
662	[9, 10, 11, 12, 13, 83, 84, 94, 95, 96, 97, 98, 99, 100, 101, 102, 103, 141, 167, 168, 169, 170, 171, 172]
663	[22, 61, 62, 63, 64, 65, 66, 67, 68, 102, 103, 104, 105, 181, 182, 192, 193, 194, 195]
664	[20, 38, 39, 40, 68, 69, 207, 208, 209, 210, 211, 212, 213, 214, 239, 240, 241, 242, 243, 244, 245, 258, 259, 260, 261]
665	[0, 1, 2, 3, 4, 13]
666	[18, 19, 20, 25, 47, 48, 49, 107, 108]
667	[27, 28, 29, 30, 31, 32, 33, 34, 35, 37]
668	[7, 8, 26, 27, 28, 29, 35, 36, 37, 38, 39, 40, 56, 164, 165, 197, 198, 232, 233, 234, 271, 272, 427, 428, 429, 468, 469, 470]
669	[0, 99, 100, 101, 102, 103, 104, 169, 170]
670	[11, 12, 13, 14, 15, 16, 17, 18, 19, 20, 43, 62, 63, 64, 65, 66, 67, 289, 290, 291, 292, 293, 369, 370, 371, 372, 373, 374, 382, 383, 384, 418, 419, 420, 421]
671	[8, 9, 10, 11, 12, 13, 14, 88, 89, 90, 91, 92, 93, 94, 95, 97, 98, 99, 100, 101]
672	[14, 15]
673	[0, 1, 2, 3, 4, 5, 29, 80, 81, 82, 83]
674	[21, 22, 23, 24, 25, 35]
675	[8, 24, 25, 26, 27, 34, 35, 36]
676	[11, 12, 13, 14, 15, 16, 17, 18, 19, 20]
677	[27, 31, 32, 33, 34, 35]
678	[35, 153, 154, 286, 287, 367, 368, 369, 370, 440, 441, 442, 443, 444, 445]
679	[11, 12, 28, 29, 30, 31, 32]
680	[40, 41, 42, 43, 44, 45, 46, 77, 85, 86, 87]
681	[0, 30, 31, 76, 77, 78, 84, 85, 86, 87, 88]
682	[28]
683	[61, 62]
684	[22, 23, 34, 35, 36, 65, 123, 124]
685	[]
686	[]
687	[14, 132, 133, 134, 135, 334, 335, 336]
688	[17, 18, 19, 20, 21, 22, 37, 38, 39, 40, 41]
689	[26, 28, 29, 86, 87, 107, 108, 109, 110, 111]
690	[34, 112, 113, 114, 134, 135, 169, 170, 171, 172, 349, 350, 405, 406, 407, 408, 409, 410, 411, 412]
691	[18, 19, 20, 105, 106, 107, 132, 133, 134, 135, 183, 231, 232, 233, 234, 235, 236]
692	[53, 60, 61, 62, 69, 70, 133, 134, 135, 136, 314, 315, 316, 317, 318, 338, 339, 340, 399, 400, 401, 402, 403, 404]
693	[2, 3, 26, 27, 28, 29, 30, 31, 40, 41, 71, 73, 74, 75, 76, 77]
694	[16, 17, 18, 19, 20, 39, 40]
695	[6, 7, 8, 24, 25, 26, 27, 28, 29, 30, 31, 32, 33]
696	[18, 38, 39, 40, 41, 42]
697	[19, 26, 27, 28, 86, 87, 88, 89]
698	[29, 30, 31, 32, 33, 34, 35, 36, 96, 136, 137]
699	[77, 78, 79, 80, 81, 82, 83, 84, 85]
700	[4, 5, 6, 7, 8, 9, 10, 11, 15, 16, 17, 191, 192, 193, 259, 260, 261, 262, 273, 274]
701	[1, 10, 11, 12]
702	[15, 82, 83, 84, 85, 97, 98, 99, 109, 110, 111]
703	[8, 9, 10, 11, 12]
704	[20, 21, 22, 23, 24, 25]
705	[92, 93, 94, 95, 96, 97, 98, 99, 100, 111, 112, 113, 114, 153, 306, 307, 332, 333, 334, 335, 336, 337, 338, 339, 340, 361, 362, 363, 364]
706	[109, 124, 125, 126, 127, 128, 129]
707	[13, 15, 16, 17, 18, 19, 20, 21, 27, 28, 103, 104, 105, 106, 107, 108, 109]
708	[1, 4, 5, 6, 34, 35, 36, 37, 64, 65, 66, 67, 68, 224, 225, 282, 283]
709	[130, 220, 221, 291, 292, 293, 294, 295, 296]
710	[15, 48, 49, 50, 51, 52, 53, 107, 108]
711	[0, 1, 2, 3, 4, 5, 6]
712	[3, 4, 5, 20, 21, 44, 81, 82, 83, 84]
713	[2, 3, 4, 5, 6, 7, 52, 98, 99, 100, 101, 102, 103, 104, 105]
714	[18, 46, 47, 48, 49, 50, 51, 61, 62, 63, 64]
715	[63, 101, 102, 103, 141, 142, 143, 144, 145, 183, 184, 303, 304, 305, 306, 307, 416, 417, 418, 419, 420, 421, 422, 440, 441]
716	[52, 143, 144, 145, 190, 191, 344, 345, 346, 495, 496, 497, 498, 499, 500, 501, 502, 633, 634, 647, 648, 649, 650, 782, 783, 784, 785, 786, 787]
717	[20, 21, 22, 23, 24, 25, 26, 27, 28, 29, 30, 46, 370, 371, 372, 404, 405, 406, 627, 628, 704, 705, 706, 707, 708, 709, 710, 711, 712, 809, 810, 811, 812]
718	[0, 1, 9, 29, 30, 31, 32, 33, 34, 35, 36, 37, 176, 177, 178, 179, 263, 264, 462, 463, 464, 465, 498, 499, 500, 501, 537, 538, 541, 542, 543, 610, 611, 702, 703, 704, 705, 706, 933, 934, 935, 936]
719	[8, 9, 10, 11, 12, 13]
720	[62, 63, 68, 69, 90, 91, 124, 139, 140, 141, 142, 143, 144]
721	[38, 63, 64, 65, 66, 92, 93, 162, 163, 164]
722	[80, 158, 159, 160, 161, 162, 163, 164, 165, 173, 174, 175, 176, 190, 191, 192, 253, 254]
723	[1, 2, 3, 4, 39, 40, 41, 42, 43, 44, 45, 46, 47, 75, 76]
724	[65, 66, 67, 68, 73, 74]
725	[12, 13, 14, 15, 16, 121, 156, 157, 158, 161, 162, 165, 166, 167]
726	[222, 227, 228, 238, 239, 240, 241]
727	[6, 7, 15, 16, 17, 18, 19]
728	[24, 25, 26, 35, 36, 72, 73, 74, 75, 76, 77, 78]
729	[1, 24, 25, 26, 27, 48, 49, 50, 59, 60, 61, 62]
730	[11, 12, 13, 63, 129, 130, 131, 132, 225, 226, 227, 228, 229, 254, 255, 341, 342, 343, 344, 655, 656, 916, 917, 918, 919]
731	[]
732	[33, 34, 35, 36, 37, 38, 39, 40, 57]
733	[]
734	[41, 42, 43, 44, 51, 52, 53, 123, 124, 125, 126]
735	[1, 2, 3, 21, 22, 23, 24, 25]
736	[7, 8, 9, 10, 26, 73, 74, 75, 76, 77, 78]
737	[88, 89, 99, 100, 101, 102, 149, 198, 199, 200, 201, 202, 203, 204, 205, 206]
738	[7, 8]
739	[8, 9, 35, 36, 169, 215, 216, 217, 218, 219]
740	[5, 6, 7, 8, 9, 10, 143, 144, 145, 146, 147, 148]
741	[1, 2, 3, 19, 20, 21, 22, 23]
742	[24, 25, 26, 27]
743	[0, 179, 180, 181, 235, 236, 237, 238, 239, 240]
744	[10, 11, 12, 13, 14, 53, 57, 58, 187, 188, 356, 357, 358, 359, 360]
745	[91, 105, 106, 157, 158, 159, 160]
746	[29, 30, 33, 211, 212, 213, 214, 215, 216, 217, 262, 263, 264, 265, 266, 267, 314, 315, 316, 317, 511, 512, 513, 514, 612, 613, 719, 720, 721, 722, 723, 724, 725, 726, 727]
747	[19, 20, 21, 22, 23, 24, 39, 40, 41, 67, 68, 69, 103, 107, 108, 109, 110, 111, 112, 142, 143, 144, 145, 146, 147, 148, 149, 150, 151]
748	[62, 63, 64, 65, 120, 121, 122, 125, 187, 188, 272, 273, 274, 275]
749	[33, 34, 35, 36, 37, 38, 39, 40, 41]
750	[0, 1, 2, 3, 22, 34, 35]
751	[43]
752	[10, 43, 44, 45, 46, 47, 48]
753	[7, 8, 31, 32, 33, 34, 85, 86, 87, 88]
754	[119, 120, 170, 204, 205, 206, 207, 242, 243, 244, 245, 246, 247, 248, 249, 250, 251]
755	[38, 39, 40, 189, 190, 191, 211, 212, 225, 279, 280, 281, 282, 283, 284, 285, 286]
756	[43, 105, 106, 107, 150, 151, 152, 153, 154]
757	[43, 44, 45, 46, 47, 48, 60, 68, 69, 70, 156, 157, 158, 159, 160]
758	[1, 2, 10, 11, 12, 13, 14]
759	[0, 1, 11, 12, 13, 37, 38, 39, 40, 49, 50, 51, 52, 53, 54, 66, 86, 87, 88, 89, 90]
760	[32, 68, 69, 70, 83, 84, 85, 86, 107, 108, 131, 132, 133, 134, 135, 136, 137, 138, 139, 172, 173, 174, 175, 176]
761	[6, 7, 28, 33, 34, 35, 36, 37, 38, 176, 177, 178, 179]
762	[0, 1, 14, 49, 50]
763	[1, 2, 42, 43, 46, 75, 76, 77, 78, 79]
764	[55, 56, 67, 68, 88, 89, 90, 94, 95, 159, 160, 161, 162, 239, 240, 241, 242, 243, 244, 292, 293, 294, 295, 296, 297, 298]
765	[12, 13, 14, 15, 16, 18, 19, 20, 21]
766	[18, 19, 20, 21, 22]
767	[18, 43, 44]
768	[9, 10, 25, 26, 27, 28, 29, 30, 31, 32, 33, 34, 35, 82, 83, 84, 85]
769	[]
770	[4, 22, 23, 30, 31, 45, 46, 47, 48, 49]
771	[33, 34, 35, 36, 37, 57]
772	[9, 10, 11, 12, 44, 45, 46]
773	[0, 1, 2, 3, 4, 5, 25, 38, 39, 96, 97, 98, 110, 111, 112, 113]
774	[21, 22, 23, 24, 25, 26]
775	[11, 19, 20, 21, 22, 23, 24, 27, 28, 29]
776	[0, 1, 2, 15, 16, 17, 18, 19, 20, 21, 24, 25, 26, 27, 28, 215, 216, 217, 218, 219, 220, 253, 254, 255, 256, 407, 408, 409, 410, 545, 546, 604, 605, 606]
777	[1, 2, 34, 55, 56, 57, 115, 116, 117, 118, 119]
778	[0, 46, 47, 56, 57, 58, 59, 60, 61, 88, 89, 90, 91, 92, 93]
779	[5, 6, 7, 8, 22, 23, 24, 25]
780	[87, 88, 136, 138, 139, 140, 141, 142, 143]
781	[30, 31, 32, 33, 34, 35, 36]
782	[23, 24, 28, 29, 30, 31, 32, 33, 39, 40, 174, 175, 220, 228, 229, 230, 231, 303, 304, 305, 306, 326, 327, 328, 329, 594, 595, 596, 670, 671, 672, 673, 674, 675]
783	[27, 28, 29, 30, 52, 53, 54, 55, 56, 57, 58, 59, 71, 72, 151, 152, 153, 154, 177, 178, 242, 243, 244, 245, 246, 573, 574, 575, 687, 688, 689]
784	[22, 73, 74, 75, 196, 197, 198, 199, 231, 232, 244, 245]
785	[22, 23, 24, 25, 27, 28, 29, 30, 31, 36, 37, 38, 39, 51, 52, 73, 74, 75, 76, 100, 105, 106]
786	[15, 16, 17, 18, 19, 119, 120, 121, 122, 123, 124, 125, 179, 180, 181, 182, 183, 184, 319, 320]
787	[36, 37, 38, 39, 71, 72, 73, 95, 96, 97, 98]
788	[47, 171, 172, 173, 174, 175, 176, 197, 198, 244, 245, 246, 247]
789	[39, 89, 90, 91, 92, 93, 101, 102, 103, 104, 105, 106, 121, 122]
790	[4, 5, 6, 7, 8, 9, 10, 11, 37, 46, 47, 48, 49, 50, 51, 52, 53, 54]
791	[14, 15, 16, 17, 18, 19, 20, 21, 33, 34]
792	[13, 14, 15, 16, 46]
793	[11, 12, 13, 14, 15, 27, 28, 29, 30, 31, 69]
794	[0, 1, 2, 3, 4]
795	[34, 35, 36, 37, 65, 66, 67, 68, 69, 70]
796	[1, 16, 17, 18, 19, 20]
797	[37, 105, 106, 107, 108, 109, 110, 180, 181, 186, 187, 188, 214, 215, 216, 217, 218, 219, 220]
798	[5, 6, 7, 8, 9, 10, 12, 109, 110, 111, 112, 113, 114, 115, 116]
799	[24, 25, 26, 27, 29, 30, 31, 32, 33, 37, 38, 39, 107, 108, 109, 110, 111, 112]
800	[29, 30, 31, 32, 33, 116]
801	[25, 26, 40, 41, 63, 64, 65, 67, 68, 69, 70, 71, 72]
802	[1, 2, 3, 13, 14, 15, 19, 20, 21, 22, 64, 127, 128, 129, 130, 196, 197, 198, 199, 241, 242, 243, 244, 245, 246, 247, 248, 249, 250, 278, 279, 431, 432]
803	[10, 11, 12, 47, 48, 85, 171, 172, 173, 174, 175]
804	[18, 19, 20, 21, 22, 23]
805	[16, 17, 25, 33, 34, 35, 56, 57, 58, 59, 60, 61]
806	[4, 5, 26, 27, 30, 146, 147, 201, 202, 203, 204, 222, 223, 224, 225, 226, 227, 228, 229, 264, 265, 266, 267, 268, 269, 270, 271, 272, 273]
807	[100, 145, 146, 147, 148, 149, 150]
808	[4, 5, 6, 7, 8, 21, 87, 88, 169, 170, 171, 172, 190, 191, 192, 193, 204, 205, 206, 207, 208, 209, 291, 292, 293, 294, 295, 296, 297, 298, 329, 330, 386, 387, 388, 389, 390, 391, 625, 626, 627, 628, 629]
809	[10, 11, 12, 61, 154, 155, 156, 157]
810	[17, 18, 19, 20, 21, 22, 23]
811	[41, 42, 43, 44]
812	[53, 54, 63, 64, 65, 66, 111, 112, 118, 145, 146, 147, 148, 149, 150, 322, 323, 324, 325, 434, 435, 436, 437, 438, 439, 440, 441, 443, 444, 505, 506, 563, 564, 676, 677, 678, 679, 735, 736, 737, 738, 739, 740, 741, 882, 883, 884, 885, 886, 899, 900, 901, 902, 903, 904, 905, 906]
813	[1, 84, 85, 86, 87, 88]
814	[19, 20, 61, 62, 63, 64, 65, 66, 141, 142, 143, 144, 152, 195, 196, 204, 205, 206, 361, 362, 422, 423, 424, 425, 426]
815	[30, 31, 34, 35, 36, 37, 38, 39, 40, 41]
816	[141, 142, 145, 146, 147, 148, 149, 150]
817	[15, 52, 53, 54, 55, 141, 142, 230, 231]
818	[11, 66, 67, 68, 69, 214, 215, 336, 337, 430, 431, 432, 433, 434]
819	[38, 39, 40, 41, 42, 43, 44, 45, 46, 49, 50, 51, 59, 105, 106, 287, 288, 387, 388, 518, 519, 520, 622, 623, 629, 630, 631, 632, 640, 641, 642]
820	[11, 12, 13, 14, 15, 16, 17, 20, 21, 22, 23, 24]
821	[8, 9, 10, 11, 12, 20, 55, 56, 87, 88, 89, 101, 102]
822	[20, 66, 67, 68, 95, 96]
823	[9, 10, 11, 12, 13]
824	[41, 114, 115, 116, 117, 123, 124, 125, 126, 127, 128, 158, 159, 160, 161, 199, 200]
825	[10, 37, 38, 39, 40, 63, 64, 65, 66, 67, 68]
826	[51, 52, 55, 56, 57, 58, 64, 65, 66, 67, 68, 69, 108]
827	[88, 89, 90, 91, 92]
828	[28, 29, 30, 31, 32, 33, 34, 35, 36, 37]
829	[28, 31, 32, 33, 34, 35, 36, 37, 38, 59, 60, 61, 62, 63, 64]
830	[17, 27, 28, 41, 42, 43, 49, 50, 51, 52, 53, 54, 55, 80, 81, 82, 83, 84, 85, 86, 87, 88]
831	[10, 11, 12, 13, 14, 30, 31, 32, 33, 80, 81, 82, 83, 84, 85, 118, 119, 120, 121, 122, 123, 124, 125, 130, 149, 150, 168, 169, 170, 171, 267, 268, 269]
832	[0, 1, 2, 3, 41, 42, 43]
833	[46, 47, 48]
834	[1, 2, 3, 21, 23, 24]
835	[19, 20, 21, 22, 23, 24, 25, 26, 27, 50, 51, 66, 122, 123, 124, 125, 126, 127, 128, 129, 130, 131]
836	[0, 1, 2, 3, 4, 17, 78, 79, 104, 105, 106, 107]
837	[3, 50, 51, 52, 110, 111, 112, 113, 114]
838	[11, 12, 13, 14, 15, 16, 21, 22, 23, 24, 25, 26]
839	[13, 14, 15, 32, 33, 34, 78]
840	[8, 9, 10, 11, 12, 16]
841	[16, 17, 18, 19, 20, 33, 53, 54, 55, 56, 104, 105, 134, 135, 136, 176, 177, 178, 179, 180, 181]
842	[3, 8, 9, 10, 11, 12, 13, 61, 62]
843	[27, 69, 70, 100, 101]
844	[7, 8, 9, 10, 11, 12, 13, 21, 23, 24, 25, 26]
845	[5, 6, 7, 8]
846	[25, 26, 36, 52, 53, 54, 55, 62, 63, 64, 65, 101, 102]
847	[70, 71, 72, 73, 74]
848	[0, 1, 2, 3, 4, 5, 6, 7, 8, 31, 32, 33, 34, 35, 36, 48, 133, 134, 135, 142, 143, 144]
849	[34, 35, 38, 39, 40, 41, 107, 109, 110, 111, 155, 156, 164, 165, 166, 167, 168, 169, 170]
850	[1, 6, 7, 8, 9, 64, 65, 66, 67, 68]
851	[14, 78, 79, 80, 141, 142, 143, 144, 145, 146]
852	[38, 39, 40, 41, 42]
853	[5, 6, 7, 8, 9, 10, 11, 14, 15, 16, 17, 18, 19, 20, 21, 22]
854	[12, 13, 14, 15, 16, 17]
855	[13, 48, 49]
856	[41, 42, 48, 57, 58, 59, 60, 61]
857	[8, 65, 66, 134, 135, 136, 137, 147, 148, 149, 216, 217, 263, 264, 430, 431, 467, 468, 469, 470, 471, 472, 629, 630, 631, 632, 633, 634, 635, 636, 637, 723, 724, 725]
858	[13, 19, 20, 21, 22, 23, 24, 25, 26, 27, 30, 31, 32, 99, 100, 118, 119, 134, 135, 136, 137, 138, 143, 144]
859	[52, 53, 151, 152, 153, 154, 155, 156]
860	[132, 150, 151, 201, 202, 325, 326, 327, 493, 494, 550, 551, 552, 553, 554, 555, 556, 557, 613, 614, 615, 616, 617, 618, 619, 620, 621, 622]
861	[8, 117, 118, 175, 176, 177, 178, 179, 180, 181, 182, 183, 184, 185, 186, 366, 367, 368, 369]
862	[30, 32, 33, 34, 92, 93, 129, 130, 131, 132, 133, 134]
863	[56, 57, 107, 111, 112, 120, 121, 122, 123, 124, 125, 126, 229, 230, 231, 232, 265, 266, 267, 268, 275, 276, 277, 278, 367, 368, 369, 370]
864	[8, 23, 24, 25, 26, 27]
865	[0, 1, 2, 46, 50, 51, 52, 53, 120, 121, 122, 123, 124, 165, 166, 184, 185, 186, 187, 188, 189, 190, 191, 192, 193]
866	[97, 98, 99, 100, 101, 102, 103, 104, 105, 106, 127, 177, 178, 191, 192, 193, 194, 316, 317, 318, 319, 474, 475, 771, 772, 773, 774, 875, 876]
867	[9, 26, 27, 28, 29, 30, 58, 59, 114, 115, 116, 117, 118]
868	[18, 19, 20, 21, 55, 72, 73, 104, 105, 106, 107, 108, 237, 238, 262, 263, 283, 284, 291, 292, 293, 294, 303, 304, 305, 306, 307, 308]
869	[30, 31, 41, 42, 43, 44, 45, 135, 151, 152, 153, 154, 155, 156, 157]
870	[10, 14, 15, 16, 17, 18, 19, 51, 52]
871	[12, 96, 97, 98, 118, 119, 120, 121, 175, 176, 178, 179, 180, 181, 182, 183]
872	[8, 9, 10, 106, 194, 195, 217, 218, 219, 220, 221, 248, 249]
873	[8, 9, 10, 11, 12, 21, 23, 24, 25, 26]
874	[0, 1, 2, 11, 12, 33, 106, 107]
875	[8, 9, 10, 11, 12, 21]
876	[10, 159, 160, 161, 162, 163, 164]
877	[19, 20, 21, 22, 23, 24, 25, 26, 46, 47, 48, 49, 50, 51, 52, 77, 78, 79, 80, 81]
878	[107, 108, 109, 110, 111, 112, 113, 114, 128, 129, 130, 131, 132, 140, 141, 142, 143, 149, 223, 224, 225, 235, 236, 278, 279]
879	[36, 37, 38, 41, 56, 57, 221, 222, 460, 461, 720, 721, 727, 728, 729, 730, 731, 732, 733, 734, 757, 758, 759]
880	[79, 80, 81, 82, 255, 311, 312, 313, 314, 315, 316, 317, 318, 319, 320, 359, 360]
881	[15, 16, 32, 33, 34, 35, 65, 166, 167, 168, 169, 266, 267, 268, 269, 270, 271, 272, 273, 308, 309]
882	[0, 1, 2, 3, 4, 5, 15, 16]
883	[0, 1, 2, 3, 4, 5, 35, 37, 38, 39, 40, 41, 42, 43, 142, 143]
884	[6, 7, 8, 9, 10, 11, 62, 63, 64, 65, 66, 67, 68, 69, 72, 73]
885	[83, 84, 85, 86, 99, 100, 121, 122, 123, 124, 125, 126, 127, 128, 129, 130]
886	[1, 2, 3, 39]
887	[22, 23, 24, 25, 26, 27, 55]
888	[8, 9, 10, 11, 12]
889	[48, 49, 50, 51, 94, 118, 119, 120, 144, 145, 146, 147, 148]
890	[12, 13, 14, 15, 16, 17]
891	[26, 27, 35, 36, 37, 38, 39, 40, 42, 43, 44, 45, 46, 47]
892	[25, 26, 45, 46, 47, 48, 49]
893	[26, 27, 152, 153, 154, 155]
894	[18, 20, 21, 22, 23, 24, 25, 73, 74]
895	[15, 16, 17, 18, 19]
896	[69, 70, 90, 91, 174, 175, 178, 350, 351, 367, 368, 369, 370, 371, 372, 373, 440, 441, 442, 443, 444, 445, 505, 506, 507, 508, 509, 510, 511, 527, 528, 529, 550, 551, 552, 553, 561, 562, 563, 564, 565, 566, 722, 723, 724, 725, 726, 727, 728, 729, 730, 731, 805, 806, 807, 853, 854, 855, 856, 857, 858, 859, 860, 861, 862, 914, 915]
897	[8, 9, 10, 41, 77, 78, 79, 80, 81, 258, 259, 313, 314, 315, 316, 459, 460, 461, 468, 469, 615, 616]
898	[11, 62, 63, 64, 65, 66, 67]
899	[0, 1, 2, 3, 9, 10, 52, 53, 54, 55, 56]
900	[0, 1, 2, 3, 4, 53, 54, 85, 96, 97, 98, 110, 111, 112, 113]
901	[4, 5, 48, 105, 106, 257, 258, 259, 260, 272, 273, 274]
902	[34, 37, 38, 39, 58, 59, 60, 61, 62, 63, 64, 65, 66]
903	[24, 214, 215, 259, 260, 261, 262, 263, 264, 265, 266]
904	[6, 7, 52, 53, 61, 199, 200, 201, 202, 356, 357, 358, 382, 383, 384, 385, 386, 745, 746, 747, 871, 872, 892, 893, 894, 895, 896, 897, 898, 899, 981, 982, 983, 984, 985, 986, 987, 988, 989, 992, 993, 994, 995, 996, 997, 998, 999]
905	[70, 71, 72]
906	[]
907	[18, 69, 70, 71, 72, 73, 74, 75, 76, 77, 78, 95, 96, 97, 98, 99, 100, 101, 102, 103]
908	[26, 27, 28, 29, 30, 31, 32, 33, 36, 43, 44]
909	[43, 44, 45, 54, 55, 56, 57, 143, 147, 148, 149, 150, 151, 154, 155]
910	[35, 36, 37, 38, 39, 59, 60, 61, 62, 78, 79, 80, 81, 82, 83, 84, 85, 86, 87, 88, 89, 118, 234, 235, 383, 384, 385, 486, 487, 535, 536, 537, 538, 539, 596, 597, 598, 599, 600, 601, 602, 719, 720, 721, 751, 752, 753, 754, 755, 756, 757, 758, 818, 819, 820, 950, 951, 952, 953, 965, 966]
911	[28, 46, 47, 48, 49, 50, 51, 52, 53, 54]
912	[8, 9, 10, 11, 12, 43, 72, 73, 74, 113, 114, 115, 116, 117, 124, 125, 126, 237, 238]
913	[]
914	[98, 99, 128, 129, 130, 156, 252, 253, 303, 304, 305, 306, 307, 308, 309, 310, 340, 341, 342, 343, 366, 367, 368, 369, 390, 391, 392, 489, 490, 491, 492, 493, 494, 495, 496, 504, 505, 506, 507]
915	[47, 48]
916	[32, 171, 172, 173, 185, 186, 187, 188, 189, 190]
917	[13, 14, 15, 16, 17, 18, 35, 36, 37, 45, 46, 47]
918	[158, 159, 160, 161, 162, 163, 164, 165, 166]
919	[49, 50, 51, 52, 53, 54]
920	[25, 26, 38, 39, 40, 41, 89, 90, 129, 130, 143]
921	[5, 6, 7, 8, 9, 10, 11, 24, 25, 47, 48, 49]
922	[15, 27, 28, 33, 34, 35, 36, 37, 38, 39, 40, 41]
923	[37, 38, 39, 40, 41, 50, 51, 52, 82, 83]
924	[14, 15, 89, 90, 91, 92, 125, 126, 134, 177, 178, 179, 180, 181, 182, 183, 184, 185]
925	[15, 16, 17, 18, 19, 20, 34]
926	[31, 32, 33, 34, 35, 36, 37, 38, 39, 51, 52, 95, 96, 97, 98, 111]
927	[2, 3, 58, 118, 119, 120, 121, 132, 133, 134, 135]
928	[17, 54, 55, 56, 57]
929	[15, 16, 69, 70, 86, 114, 115, 116, 117, 118, 119]
930	[37, 38, 39, 40, 66, 100, 101, 102, 103, 133, 134, 197, 198, 297, 298, 299, 300, 350, 351, 352, 396, 397, 398, 399, 400, 401]
931	[44, 45, 46, 47, 48, 49, 50, 51, 54, 55, 56, 73, 74, 75]
932	[46, 47, 52, 53, 54, 55, 129, 183, 184, 185, 186, 204, 205, 206, 218, 219, 220, 221, 222, 223]
933	[4, 5, 6, 7, 8, 17]
934	[8, 9, 10, 11]
935	[4, 25, 26, 54, 55]
936	[4]
937	[5, 6, 7, 8, 9, 10, 11, 51, 52, 91]
938	[18, 81, 82, 106, 107, 108, 109, 110, 180, 181, 182]
